"","year","week","region_nr","region","total_pop","total_ili","total_ari","sntnl_jahrwoche","n_samples","n_complete","n_influ_a","n_influ_b","n_sars_cov2","n_rsv","Region","prop_rsv","total_rsv","prop_iva","total_iva","prop_ivb","total_ivb","prop_cov","total_cov","measuring_period"
"1",2020,40,1,"GE, NE, VD, VS",32588.404385894,4,2,202040,7,7,0,0,0,0,1,0,0,0,0,0,0,0,0,"2020/21"
"2",2020,40,2,"BE, FR, JU",23278.6515784956,4,4,202040,6,6,0,0,1,0,2,0,0,0,0,0,0,0.166666666666667,4,"2020/21"
"3",2020,40,3,"AG, BL, BS, SO",20020.9264055763,0,0,202040,2,2,0,0,0,0,3,0,0,0,0,0,0,0,0,"2020/21"
"4",2020,40,5,"AI, AR, GL, SG, SH, TG, ZH",63056.9796602582,67,53,202040,6,6,0,0,1,0,5,0,0,0,0,0,0,0.166666666666667,67,"2020/21"
"5",2020,40,6,"GR, TI",13062.0972693729,3,3,202040,2,2,0,0,0,0,6,0,0,0,0,0,0,0,0,"2020/21"
"6",2020,41,1,"GE, NE, VD, VS",35686.395427622,6,6,202041,8,8,0,0,0,0,1,0,0,0,0,0,0,0,0,"2020/21"
"7",2020,41,2,"BE, FR, JU",27076.5817149228,6,6,202041,2,2,0,0,0,0,2,0,0,0,0,0,0,0,0,"2020/21"
"8",2020,41,3,"AG, BL, BS, SO",23017.3543524936,3,3,202041,2,2,0,0,0,0,3,0,0,0,0,0,0,0,0,"2020/21"
"9",2020,41,4,"LU, OW, NW, UR, SZ, ZG",23594.6596061014,20,20,202041,1,1,0,0,0,0,4,0,0,0,0,0,0,0,0,"2020/21"
"10",2020,41,5,"AI, AR, GL, SG, SH, TG, ZH",37267.4129484771,37,27,202041,1,1,0,0,0,0,5,0,0,0,0,0,0,0,0,"2020/21"
"11",2020,41,6,"GR, TI",16402.3502951404,7,6,202041,3,3,0,0,0,0,6,0,0,0,0,0,0,0,0,"2020/21"
"12",2020,42,1,"GE, NE, VD, VS",28394.8631334897,3,3,202042,2,2,0,0,1,0,1,0,0,0,0,0,0,0.5,3,"2020/21"
"13",2020,42,2,"BE, FR, JU",38756.8290317471,6,5,202042,7,7,0,0,3,0,2,0,0,0,0,0,0,0.428571428571429,18,"2020/21"
"14",2020,42,3,"AG, BL, BS, SO",30179.7533322828,4,4,202042,5,5,0,0,1,0,3,0,0,0,0,0,0,0.2,4,"2020/21"
"15",2020,42,4,"LU, OW, NW, UR, SZ, ZG",28974.8604267646,32,32,202042,1,1,0,0,0,0,4,0,0,0,0,0,0,0,0,"2020/21"
"16",2020,42,5,"AI, AR, GL, SG, SH, TG, ZH",39092.5294492713,54,42,202042,1,1,0,0,0,0,5,0,0,0,0,0,0,0,0,"2020/21"
"17",2020,42,6,"GR, TI",11920.5398379512,15,15,202042,5,5,0,0,1,0,6,0,0,0,0,0,0,0.2,15,"2020/21"
"18",2020,43,1,"GE, NE, VD, VS",25984.5709608331,6,6,202043,3,3,0,0,1,0,1,0,0,0,0,0,0,0.333333333333333,6,"2020/21"
"19",2020,43,2,"BE, FR, JU",34158.0258426916,10,9,202043,11,11,0,0,3,0,2,0,0,0,0,0,0,0.272727272727273,30,"2020/21"
"20",2020,43,3,"AG, BL, BS, SO",23760.8430500224,3,3,202043,8,8,0,0,0,0,3,0,0,0,0,0,0,0,0,"2020/21"
"21",2020,43,4,"LU, OW, NW, UR, SZ, ZG",25552.6507363799,40,40,202043,4,4,0,0,2,0,4,0,0,0,0,0,0,0.5,80,"2020/21"
"22",2020,43,5,"AI, AR, GL, SG, SH, TG, ZH",57422.8466196142,107,75,202043,12,12,0,0,4,0,5,0,0,0,0,0,0,0.333333333333333,428,"2020/21"
"23",2020,43,6,"GR, TI",13381.34210067,11,10,202043,12,12,0,0,6,0,6,0,0,0,0,0,0,0.5,66,"2020/21"
"24",2020,44,1,"GE, NE, VD, VS",32687.1857858895,15,13,202044,15,15,0,0,6,0,1,0,0,0,0,0,0,0.4,90,"2020/21"
"25",2020,44,2,"BE, FR, JU",33372.7983675914,14,11,202044,18,18,0,0,10,0,2,0,0,0,0,0,0,0.555555555555556,140,"2020/21"
"26",2020,44,3,"AG, BL, BS, SO",19620.7331461517,6,4,202044,5,5,0,0,2,0,3,0,0,0,0,0,0,0.4,12,"2020/21"
"27",2020,44,4,"LU, OW, NW, UR, SZ, ZG",22856.6085236213,46,45,202044,3,3,0,0,0,0,4,0,0,0,0,0,0,0,0,"2020/21"
"28",2020,44,5,"AI, AR, GL, SG, SH, TG, ZH",60833.3301666646,111,101,202044,8,8,0,0,5,0,5,0,0,0,0,0,0,0.625,555,"2020/21"
"29",2020,44,6,"GR, TI",12092.4235511327,18,18,202044,7,7,0,0,0,0,6,0,0,0,0,0,0,0,0,"2020/21"
"30",2020,45,1,"GE, NE, VD, VS",31289.8086292823,1,1,202045,17,17,0,0,7,0,1,0,0,0,0,0,0,0.411764705882353,7,"2020/21"
"31",2020,45,2,"BE, FR, JU",33322.9716781548,21,17,202045,18,18,0,0,4,0,2,0,0,0,0,0,0,0.222222222222222,84,"2020/21"
"32",2020,45,3,"AG, BL, BS, SO",24404.2339635326,5,5,202045,8,8,0,0,3,0,3,0,0,0,0,0,0,0.375,15,"2020/21"
"33",2020,45,4,"LU, OW, NW, UR, SZ, ZG",24357.4381967597,36,36,202045,4,4,0,0,0,0,4,0,0,0,0,0,0,0,0,"2020/21"
"34",2020,45,5,"AI, AR, GL, SG, SH, TG, ZH",55317.8001571411,141,105,202045,14,14,0,0,4,0,5,0,0,0,0,0,0,0.285714285714286,564,"2020/21"
"35",2020,45,6,"GR, TI",9765.77048099434,11,11,202045,6,6,0,0,1,0,6,0,0,0,0,0,0,0.166666666666667,11,"2020/21"
"36",2020,46,1,"GE, NE, VD, VS",34252.4728488002,14,9,202046,13,13,0,0,5,0,1,0,0,0,0,0,0,0.384615384615385,70,"2020/21"
"37",2020,46,2,"BE, FR, JU",30423.5988647346,9,9,202046,15,15,0,0,7,0,2,0,0,0,0,0,0,0.466666666666667,63,"2020/21"
"38",2020,46,3,"AG, BL, BS, SO",25439.9001053972,3,2,202046,2,2,0,0,1,0,3,0,0,0,0,0,0,0.5,3,"2020/21"
"39",2020,46,4,"LU, OW, NW, UR, SZ, ZG",23089.7725695954,40,40,202046,2,2,0,0,0,0,4,0,0,0,0,0,0,0,0,"2020/21"
"40",2020,46,5,"AI, AR, GL, SG, SH, TG, ZH",53170.7844446055,107,84,202046,7,7,0,0,1,0,5,0,0,0,0,0,0,0.142857142857143,107,"2020/21"
"41",2020,46,6,"GR, TI",12589.1401889255,3,3,202046,2,2,0,0,0,0,6,0,0,0,0,0,0,0,0,"2020/21"
"42",2020,47,1,"GE, NE, VD, VS",31785.3635060073,8,7,202047,8,8,0,0,0,0,1,0,0,0,0,0,0,0,0,"2020/21"
"43",2020,47,2,"BE, FR, JU",32365.5215457185,6,5,202047,16,16,0,0,1,0,2,0,0,0,0,0,0,0.0625,6,"2020/21"
"44",2020,47,3,"AG, BL, BS, SO",24592.7812980102,3,2,202047,3,3,0,0,0,0,3,0,0,0,0,0,0,0,0,"2020/21"
"45",2020,47,4,"LU, OW, NW, UR, SZ, ZG",21480.7168639499,36,36,202047,2,2,0,0,0,0,4,0,0,0,0,0,0,0,0,"2020/21"
"46",2020,47,5,"AI, AR, GL, SG, SH, TG, ZH",54485.8026543927,95,83,202047,6,6,0,0,1,0,5,0,0,0,0,0,0,0.166666666666667,95,"2020/21"
"47",2020,47,6,"GR, TI",12295.2601471643,6,6,202047,4,4,0,0,1,0,6,0,0,0,0,0,0,0.25,6,"2020/21"
"48",2020,48,1,"GE, NE, VD, VS",32211.8224348448,5,5,202048,13,13,0,0,1,0,1,0,0,0,0,0,0,0.0769230769230769,5,"2020/21"
"49",2020,48,2,"BE, FR, JU",31713.6556595457,3,2,202048,10,10,0,0,3,0,2,0,0,0,0,0,0,0.3,9,"2020/21"
"50",2020,48,3,"AG, BL, BS, SO",21881.6212934894,9,8,202048,3,3,0,0,2,0,3,0,0,0,0,0,0,0.666666666666667,18,"2020/21"
"51",2020,48,4,"LU, OW, NW, UR, SZ, ZG",17682.3021016809,37,37,202048,3,3,0,0,0,0,4,0,0,0,0,0,0,0,0,"2020/21"
"52",2020,48,5,"AI, AR, GL, SG, SH, TG, ZH",54312.4880024782,66,54,202048,4,4,0,0,0,0,5,0,0,0,0,0,0,0,0,"2020/21"
"53",2020,48,6,"GR, TI",11820.607446024,8,7,202048,7,7,0,0,2,0,6,0,0,0,0,0,0,0.285714285714286,16,"2020/21"
"54",2020,49,1,"GE, NE, VD, VS",33614.1682070976,7,7,202049,11,11,0,0,2,0,1,0,0,0,0,0,0,0.181818181818182,14,"2020/21"
"55",2020,49,2,"BE, FR, JU",28616.0840787698,17,17,202049,24,24,0,0,7,0,2,0,0,0,0,0,0,0.291666666666667,119,"2020/21"
"56",2020,49,3,"AG, BL, BS, SO",22660.7737415509,5,5,202049,6,6,0,0,1,0,3,0,0,0,0,0,0,0.166666666666667,5,"2020/21"
"57",2020,49,4,"LU, OW, NW, UR, SZ, ZG",19982.5274070222,47,47,202049,7,7,0,0,0,0,4,0,0,0,0,0,0,0,0,"2020/21"
"58",2020,49,5,"AI, AR, GL, SG, SH, TG, ZH",53683.1819128184,94,82,202049,11,11,0,0,2,0,5,0,0,0,0,0,0,0.181818181818182,188,"2020/21"
"59",2020,49,6,"GR, TI",11589.8846603891,7,7,202049,8,8,0,0,1,0,6,0,0,0,0,0,0,0.125,7,"2020/21"
"60",2020,50,1,"GE, NE, VD, VS",31311.524830659,4,3,202050,8,8,0,0,0,0,1,0,0,0,0,0,0,0,0,"2020/21"
"61",2020,50,2,"BE, FR, JU",31527.2169369485,5,5,202050,13,13,0,0,3,0,2,0,0,0,0,0,0,0.230769230769231,15,"2020/21"
"62",2020,50,3,"AG, BL, BS, SO",21586.3626902172,2,2,202050,8,8,0,0,2,0,3,0,0,0,0,0,0,0.25,4,"2020/21"
"63",2020,50,4,"LU, OW, NW, UR, SZ, ZG",18953.5597763825,38,38,202050,4,4,0,0,0,0,4,0,0,0,0,0,0,0,0,"2020/21"
"64",2020,50,5,"AI, AR, GL, SG, SH, TG, ZH",54010.9038064843,111,93,202050,13,13,0,0,5,0,5,0,0,0,0,0,0,0.384615384615385,555,"2020/21"
"65",2020,50,6,"GR, TI",10369.3623322835,2,2,202050,3,3,0,0,0,0,6,0,0,0,0,0,0,0,0,"2020/21"
"66",2020,51,1,"GE, NE, VD, VS",31826.2602613865,5,5,202051,12,12,0,0,3,0,1,0,0,0,0,0,0,0.25,15,"2020/21"
"67",2020,51,2,"BE, FR, JU",31855.8687837874,15,14,202051,19,19,0,0,2,0,2,0,0,0,0,0,0,0.105263157894737,30,"2020/21"
"68",2020,51,3,"AG, BL, BS, SO",26022.1408722731,4,2,202051,2,2,0,0,1,0,3,0,0,0,0,0,0,0.5,4,"2020/21"
"69",2020,51,4,"LU, OW, NW, UR, SZ, ZG",22462.1994204559,31,31,202051,6,6,0,0,0,0,4,0,0,0,0,0,0,0,0,"2020/21"
"70",2020,51,5,"AI, AR, GL, SG, SH, TG, ZH",56193.9597590757,123,107,202051,4,4,0,0,1,0,5,0,0,0,0,0,0,0.25,123,"2020/21"
"71",2020,51,6,"GR, TI",12937.6787692836,8,8,202051,6,6,0,0,0,0,6,0,0,0,0,0,0,0,0,"2020/21"
"72",2020,52,1,"GE, NE, VD, VS",36288.2870437981,3,3,202052,2,2,0,0,0,0,1,0,0,0,0,0,0,0,0,"2020/21"
"73",2020,52,2,"BE, FR, JU",41134.1483196829,5,4,202052,8,8,0,0,0,0,2,0,0,0,0,0,0,0,0,"2020/21"
"74",2020,52,3,"AG, BL, BS, SO",32620.471269264,2,1,202052,5,5,0,0,0,0,3,0,0,0,0,0,0,0,0,"2020/21"
"75",2020,52,4,"LU, OW, NW, UR, SZ, ZG",35889.5473599013,35,35,202052,1,1,0,0,1,0,4,0,0,0,0,0,0,1,35,"2020/21"
"76",2020,52,5,"AI, AR, GL, SG, SH, TG, ZH",62300.8515174383,32,31,202052,5,5,0,0,2,0,5,0,0,0,0,0,0,0.4,64,"2020/21"
"77",2020,52,6,"GR, TI",15896.8139462842,4,3,202052,1,1,0,0,0,0,6,0,0,0,0,0,0,0,0,"2020/21"
"78",2020,53,1,"GE, NE, VD, VS",33418.038982601,4,3,202053,3,3,0,0,0,0,1,0,0,0,0,0,0,0,0,"2020/21"
"79",2020,53,2,"BE, FR, JU",54589.8048926629,15,7,202053,9,9,0,0,2,0,2,0,0,0,0,0,0,0.222222222222222,30,"2020/21"
"80",2020,53,4,"LU, OW, NW, UR, SZ, ZG",31255.6558477662,14,14,202053,2,2,0,0,0,0,4,0,0,0,0,0,0,0,0,"2020/21"
"81",2020,53,5,"AI, AR, GL, SG, SH, TG, ZH",59252.4545444572,25,25,202053,4,4,0,0,2,0,5,0,0,0,0,0,0,0.5,50,"2020/21"
"82",2020,53,6,"GR, TI",23318.5109685691,13,12,202053,2,2,0,0,1,0,6,0,0,0,0,0,0,0.5,13,"2020/21"
"83",2021,1,1,"GE, NE, VD, VS",37009.7148237999,7,4,202101,11,11,0,0,3,0,1,0,0,0,0,0,0,0.272727272727273,21,"2020/21"
"84",2021,1,2,"BE, FR, JU",42848.6364208545,13,12,202101,18,18,0,0,7,0,2,0,0,0,0,0,0,0.388888888888889,91,"2020/21"
"85",2021,1,2,"BE, FR, JU",42848.6364208545,13,12,202101,2,2,0,0,0,1,2,0.5,6.5,0,0,0,0,0,0,"2020/21"
"86",2021,1,3,"AG, BL, BS, SO",52481.6627573481,5,4,202101,5,5,0,0,2,0,3,0,0,0,0,0,0,0.4,10,"2020/21"
"87",2021,1,4,"LU, OW, NW, UR, SZ, ZG",36358.8080238066,34,33,202101,9,9,0,0,5,0,4,0,0,0,0,0,0,0.555555555555556,170,"2020/21"
"88",2021,1,5,"AI, AR, GL, SG, SH, TG, ZH",67116.9537855086,58,48,202101,8,8,0,0,3,0,5,0,0,0,0,0,0,0.375,174,"2020/21"
"89",2021,1,6,"GR, TI",11137.3768283739,3,3,202101,4,4,0,0,0,0,6,0,0,0,0,0,0,0,0,"2020/21"
"90",2021,2,1,"GE, NE, VD, VS",28930.5885822098,6,5,202102,7,7,0,0,1,0,1,0,0,0,0,0,0,0.142857142857143,6,"2020/21"
"91",2021,2,2,"BE, FR, JU",37068.4339203269,13,13,202102,17,17,0,0,6,0,2,0,0,0,0,0,0,0.352941176470588,78,"2020/21"
"92",2021,2,3,"AG, BL, BS, SO",33777.6947790558,5,5,202102,2,2,0,0,1,0,3,0,0,0,0,0,0,0.5,5,"2020/21"
"93",2021,2,4,"LU, OW, NW, UR, SZ, ZG",22374.3257214328,6,6,202102,5,5,0,0,2,0,4,0,0,0,0,0,0,0.4,12,"2020/21"
"94",2021,2,5,"AI, AR, GL, SG, SH, TG, ZH",43569.4914605599,48,41,202102,12,12,0,0,3,0,5,0,0,0,0,0,0,0.25,144,"2020/21"
"95",2021,2,6,"GR, TI",12761.9781742819,2,2,202102,4,4,0,0,1,0,6,0,0,0,0,0,0,0.25,2,"2020/21"
"96",2021,3,1,"GE, NE, VD, VS",26304.1408111365,6,6,202103,10,10,0,0,1,0,1,0,0,0,0,0,0,0.1,6,"2020/21"
"97",2021,3,2,"BE, FR, JU",36109.3393674887,7,7,202103,18,18,0,0,2,0,2,0,0,0,0,0,0,0.111111111111111,14,"2020/21"
"98",2021,3,3,"AG, BL, BS, SO",34504.5030195138,6,5,202103,4,4,0,0,1,0,3,0,0,0,0,0,0,0.25,6,"2020/21"
"99",2021,3,4,"LU, OW, NW, UR, SZ, ZG",18179.7324777961,8,8,202103,4,4,0,0,1,0,4,0,0,0,0,0,0,0.25,8,"2020/21"
"100",2021,3,5,"AI, AR, GL, SG, SH, TG, ZH",48978.1770389382,50,42,202103,7,7,0,0,0,0,5,0,0,0,0,0,0,0,0,"2020/21"
"101",2021,3,6,"GR, TI",11705.8275924218,5,5,202103,2,2,0,0,0,0,6,0,0,0,0,0,0,0,0,"2020/21"
"102",2021,4,1,"GE, NE, VD, VS",28351.9202536427,5,5,202104,9,9,0,0,0,0,1,0,0,0,0,0,0,0,0,"2020/21"
"103",2021,4,2,"BE, FR, JU",36714.4069888965,10,10,202104,15,15,0,0,1,0,2,0,0,0,0,0,0,0.0666666666666667,10,"2020/21"
"104",2021,4,3,"AG, BL, BS, SO",34083.7968038357,7,5,202104,1,1,0,0,0,0,3,0,0,0,0,0,0,0,0,"2020/21"
"105",2021,4,4,"LU, OW, NW, UR, SZ, ZG",18044.6406066366,4,4,202104,3,3,0,0,0,0,4,0,0,0,0,0,0,0,0,"2020/21"
"106",2021,4,5,"AI, AR, GL, SG, SH, TG, ZH",48283.8517400917,25,20,202104,6,6,0,0,0,0,5,0,0,0,0,0,0,0,0,"2020/21"
"107",2021,4,6,"GR, TI",11253.2017194053,4,4,202104,4,4,0,0,0,0,6,0,0,0,0,0,0,0,0,"2020/21"
"108",2021,5,1,"GE, NE, VD, VS",28921.1302381295,12,11,202105,21,21,0,0,2,0,1,0,0,0,0,0,0,0.0952380952380952,24,"2020/21"
"109",2021,5,2,"BE, FR, JU",36977.4591377999,5,4,202105,10,10,0,0,1,0,2,0,0,0,0,0,0,0.1,5,"2020/21"
"110",2021,5,3,"AG, BL, BS, SO",32063.5992297474,4,3,202105,4,4,0,0,0,0,3,0,0,0,0,0,0,0,0,"2020/21"
"111",2021,5,4,"LU, OW, NW, UR, SZ, ZG",25094.9402900133,21,21,202105,2,2,0,0,0,0,4,0,0,0,0,0,0,0,0,"2020/21"
"112",2021,5,5,"AI, AR, GL, SG, SH, TG, ZH",44583.8596360233,30,30,202105,7,7,0,0,0,0,5,0,0,0,0,0,0,0,0,"2020/21"
"113",2021,5,6,"GR, TI",12227.003113827,7,7,202105,4,4,0,0,0,0,6,0,0,0,0,0,0,0,0,"2020/21"
"114",2021,6,1,"GE, NE, VD, VS",30213.5847878107,10,9,202106,6,6,0,0,1,0,1,0,0,0,0,0,0,0.166666666666667,10,"2020/21"
"115",2021,6,2,"BE, FR, JU",29546.8664268185,11,9,202106,12,12,0,0,0,0,2,0,0,0,0,0,0,0,0,"2020/21"
"116",2021,6,3,"AG, BL, BS, SO",30195.033626894,9,8,202106,2,2,0,0,0,0,3,0,0,0,0,0,0,0,0,"2020/21"
"117",2021,6,4,"LU, OW, NW, UR, SZ, ZG",15749.1389209684,8,8,202106,3,3,0,0,0,0,4,0,0,0,0,0,0,0,0,"2020/21"
"118",2021,6,5,"AI, AR, GL, SG, SH, TG, ZH",42974.3196861422,23,20,202106,11,11,0,1,3,0,5,0,0,0,0,0.0909090909090909,2.09090909090909,0.272727272727273,69,"2020/21"
"119",2021,6,6,"GR, TI",14143.4090162416,6,6,202106,6,6,0,0,0,0,6,0,0,0,0,0,0,0,0,"2020/21"
"120",2021,7,1,"GE, NE, VD, VS",30514.9977126118,15,15,202107,18,18,0,0,0,0,1,0,0,0,0,0,0,0,0,"2020/21"
"121",2021,7,2,"BE, FR, JU",35532.2426678057,18,11,202107,13,13,0,0,1,0,2,0,0,0,0,0,0,0.0769230769230769,18,"2020/21"
"122",2021,7,5,"AI, AR, GL, SG, SH, TG, ZH",46848.6001425033,17,15,202107,5,5,0,0,0,0,5,0,0,0,0,0,0,0,0,"2020/21"
"123",2021,7,6,"GR, TI",8794.27798276636,3,2,202107,6,6,0,0,0,0,6,0,0,0,0,0,0,0,0,"2020/21"
"124",2021,8,1,"GE, NE, VD, VS",27403.8835226628,12,12,202108,12,12,0,0,0,0,1,0,0,0,0,0,0,0,0,"2020/21"
"125",2021,8,2,"BE, FR, JU",38957.0215389595,10,8,202108,12,12,0,0,1,0,2,0,0,0,0,0,0,0.0833333333333333,10,"2020/21"
"126",2021,8,4,"LU, OW, NW, UR, SZ, ZG",24336.1389132125,7,7,202108,1,1,0,0,0,0,4,0,0,0,0,0,0,0,0,"2020/21"
"127",2021,8,5,"AI, AR, GL, SG, SH, TG, ZH",48289.663391866,31,24,202108,4,4,0,0,0,0,5,0,0,0,0,0,0,0,0,"2020/21"
"128",2021,8,6,"GR, TI",14425.7657124817,4,4,202108,6,6,0,0,0,0,6,0,0,0,0,0,0,0,0,"2020/21"
"129",2021,9,1,"GE, NE, VD, VS",28570.8691932524,8,8,202109,6,6,0,0,0,0,1,0,0,0,0,0,0,0,0,"2020/21"
"130",2021,9,2,"BE, FR, JU",36035.6740142682,7,6,202109,12,12,0,0,1,1,2,0.0833333333333333,0.583333333333333,0,0,0,0,0.0833333333333333,7,"2020/21"
"131",2021,9,3,"AG, BL, BS, SO",35517.3932950781,6,6,202109,4,4,0,0,0,0,3,0,0,0,0,0,0,0,0,"2020/21"
"132",2021,9,4,"LU, OW, NW, UR, SZ, ZG",25624.4787063395,2,2,202109,1,1,0,0,0,0,4,0,0,0,0,0,0,0,0,"2020/21"
"133",2021,9,5,"AI, AR, GL, SG, SH, TG, ZH",51899.0650615901,24,16,202109,5,5,0,0,1,0,5,0,0,0,0,0,0,0.2,24,"2020/21"
"134",2021,9,6,"GR, TI",12037.2459672161,2,2,202109,1,1,0,0,0,0,6,0,0,0,0,0,0,0,0,"2020/21"
"135",2021,10,1,"GE, NE, VD, VS",33925.7104954737,11,11,202110,10,10,0,0,0,0,1,0,0,0,0,0,0,0,0,"2020/21"
"136",2021,10,2,"BE, FR, JU",36657.7160362597,14,12,202110,15,15,0,0,2,0,2,0,0,0,0,0,0,0.133333333333333,28,"2020/21"
"137",2021,10,3,"AG, BL, BS, SO",34049.4132417666,6,6,202110,3,3,0,0,1,0,3,0,0,0,0,0,0,0.333333333333333,6,"2020/21"
"138",2021,10,4,"LU, OW, NW, UR, SZ, ZG",25184.2342558749,12,12,202110,7,7,0,0,1,0,4,0,0,0,0,0,0,0.142857142857143,12,"2020/21"
"139",2021,10,5,"AI, AR, GL, SG, SH, TG, ZH",48079.4357945217,38,34,202110,2,2,0,0,2,0,5,0,0,0,0,0,0,1,76,"2020/21"
"140",2021,10,6,"GR, TI",14051.2157485295,1,1,202110,7,7,0,0,0,0,6,0,0,0,0,0,0,0,0,"2020/21"
"141",2021,11,1,"GE, NE, VD, VS",29771.3135124661,6,5,202111,13,13,0,0,0,0,1,0,0,0,0,0,0,0,0,"2020/21"
"142",2021,11,2,"BE, FR, JU",35406.3395286554,20,20,202111,10,10,0,0,2,0,2,0,0,0,0,0,0,0.2,40,"2020/21"
"143",2021,11,4,"LU, OW, NW, UR, SZ, ZG",17897.7943733826,13,13,202111,6,6,0,0,0,0,4,0,0,0,0,0,0,0,0,"2020/21"
"144",2021,11,5,"AI, AR, GL, SG, SH, TG, ZH",47463.6450257378,34,34,202111,6,6,0,0,2,0,5,0,0,0,0,0,0,0.333333333333333,68,"2020/21"
"145",2021,11,6,"GR, TI",11709.4308896499,4,4,202111,5,5,0,0,0,0,6,0,0,0,0,0,0,0,0,"2020/21"
"146",2021,12,1,"GE, NE, VD, VS",32364.2702477966,6,6,202112,13,13,0,0,1,0,1,0,0,0,0,0,0,0.0769230769230769,6,"2020/21"
"147",2021,12,2,"BE, FR, JU",37925.9034224722,17,15,202112,11,11,0,0,1,0,2,0,0,0,0,0,0,0.0909090909090909,17,"2020/21"
"148",2021,12,3,"AG, BL, BS, SO",37037.0500221976,5,5,202112,1,1,0,0,0,0,3,0,0,0,0,0,0,0,0,"2020/21"
"149",2021,12,4,"LU, OW, NW, UR, SZ, ZG",21482.169481003,25,25,202112,4,4,0,0,0,0,4,0,0,0,0,0,0,0,0,"2020/21"
"150",2021,12,5,"AI, AR, GL, SG, SH, TG, ZH",50673.3982304169,39,31,202112,9,9,0,0,3,0,5,0,0,0,0,0,0,0.333333333333333,117,"2020/21"
"151",2021,12,6,"GR, TI",14133.4064097188,4,3,202112,3,3,0,0,0,0,6,0,0,0,0,0,0,0,0,"2020/21"
"152",2021,13,1,"GE, NE, VD, VS",29868.3694230968,5,5,202113,9,9,0,0,0,0,1,0,0,0,0,0,0,0,0,"2020/21"
"153",2021,13,2,"BE, FR, JU",36499.0007793255,9,9,202113,10,10,0,0,2,0,2,0,0,0,0,0,0,0.2,18,"2020/21"
"154",2021,13,4,"LU, OW, NW, UR, SZ, ZG",24503.7422978569,9,9,202113,1,1,0,0,1,0,4,0,0,0,0,0,0,1,9,"2020/21"
"155",2021,13,5,"AI, AR, GL, SG, SH, TG, ZH",49355.7324321755,32,28,202113,8,8,0,0,0,0,5,0,0,0,0,0,0,0,0,"2020/21"
"156",2021,14,1,"GE, NE, VD, VS",16995.5455577147,0,0,202114,10,10,0,0,0,0,1,0,0,0,0,0,0,0,0,"2020/21"
"157",2021,14,2,"BE, FR, JU",37459.1716738131,11,11,202114,6,6,0,0,1,0,2,0,0,0,0,0,0,0.166666666666667,11,"2020/21"
"158",2021,14,3,"AG, BL, BS, SO",26378.2175711326,3,3,202114,1,1,0,0,0,0,3,0,0,0,0,0,0,0,0,"2020/21"
"159",2021,14,4,"LU, OW, NW, UR, SZ, ZG",20241.8467842046,30,29,202114,1,1,0,0,0,0,4,0,0,0,0,0,0,0,0,"2020/21"
"160",2021,14,5,"AI, AR, GL, SG, SH, TG, ZH",41425.1748599176,30,30,202114,7,7,0,0,2,0,5,0,0,0,0,0,0,0.285714285714286,60,"2020/21"
"161",2021,14,6,"GR, TI",7192.58964640052,8,8,202114,3,3,0,0,0,0,6,0,0,0,0,0,0,0,0,"2020/21"
"162",2021,15,1,"GE, NE, VD, VS",29587.4521269695,7,7,202115,8,8,0,0,1,0,1,0,0,0,0,0,0,0.125,7,"2020/21"
"163",2021,15,2,"BE, FR, JU",36974.5872136788,10,9,202115,9,9,0,0,1,0,2,0,0,0,0,0,0,0.111111111111111,10,"2020/21"
"164",2021,15,4,"LU, OW, NW, UR, SZ, ZG",27143.1604466157,21,21,202115,5,5,0,0,0,0,4,0,0,0,0,0,0,0,0,"2020/21"
"165",2021,15,5,"AI, AR, GL, SG, SH, TG, ZH",56716.5771253209,20,19,202115,8,8,0,0,1,0,5,0,0,0,0,0,0,0.125,20,"2020/21"
"166",2021,15,6,"GR, TI",13900.3949965806,1,1,202115,1,1,0,0,0,0,6,0,0,0,0,0,0,0,0,"2020/21"
"167",2021,16,1,"GE, NE, VD, VS",36941.9396767213,7,7,202116,9,9,0,0,0,1,1,0.111111111111111,0.777777777777778,0,0,0,0,0,0,"2020/21"
"168",2021,16,2,"BE, FR, JU",43573.3623449197,6,6,202116,7,7,0,0,3,0,2,0,0,0,0,0,0,0.428571428571429,18,"2020/21"
"169",2021,16,4,"LU, OW, NW, UR, SZ, ZG",25101.5525477534,27,27,202116,1,1,0,0,0,0,4,0,0,0,0,0,0,0,0,"2020/21"
"170",2021,16,5,"AI, AR, GL, SG, SH, TG, ZH",70738.6172634478,28,27,202116,2,2,0,0,2,0,5,0,0,0,0,0,0,1,56,"2020/21"
"171",2021,16,6,"GR, TI",16129.7360868567,0,0,202116,2,2,0,0,0,0,6,0,0,0,0,0,0,0,0,"2020/21"
"172",2021,17,1,"GE, NE, VD, VS",35410.065077864,7,6,202117,9,9,0,0,0,1,1,0.111111111111111,0.777777777777778,0,0,0,0,0,0,"2020/21"
"173",2021,17,2,"BE, FR, JU",51108.6908085529,6,6,202117,7,7,0,0,1,0,2,0,0,0,0,0,0,0.142857142857143,6,"2020/21"
"174",2021,17,3,"AG, BL, BS, SO",37598.5935279552,4,4,202117,1,1,0,0,0,0,3,0,0,0,0,0,0,0,0,"2020/21"
"175",2021,17,4,"LU, OW, NW, UR, SZ, ZG",24416.5283414318,15,15,202117,3,3,0,0,0,0,4,0,0,0,0,0,0,0,0,"2020/21"
"176",2021,17,5,"AI, AR, GL, SG, SH, TG, ZH",53675.9662982345,21,14,202117,4,4,0,0,1,0,5,0,0,0,0,0,0,0.25,21,"2020/21"
"177",2021,17,6,"GR, TI",14895.3591680683,1,1,202117,2,2,0,0,0,0,6,0,0,0,0,0,0,0,0,"2020/21"
"178",2021,18,1,"GE, NE, VD, VS",35161.5841942279,9,9,202118,8,8,0,0,0,2,1,0.25,2.25,0,0,0,0,0,0,"2020/21"
"179",2021,18,2,"BE, FR, JU",49488.199592567,7,7,202118,6,6,0,0,1,0,2,0,0,0,0,0,0,0.166666666666667,7,"2020/21"
"180",2021,18,4,"LU, OW, NW, UR, SZ, ZG",24039.4457395309,19,19,202118,2,2,0,0,0,0,4,0,0,0,0,0,0,0,0,"2020/21"
"181",2021,18,5,"AI, AR, GL, SG, SH, TG, ZH",55552.4777254881,16,14,202118,5,5,0,0,0,0,5,0,0,0,0,0,0,0,0,"2020/21"
"182",2021,18,6,"GR, TI",16432.9544146311,3,3,202118,3,3,0,0,0,0,6,0,0,0,0,0,0,0,0,"2020/21"
"183",2021,19,1,"GE, NE, VD, VS",27281.6494322883,4,4,202119,8,8,0,0,0,2,1,0.25,1,0,0,0,0,0,0,"2020/21"
"184",2021,19,2,"BE, FR, JU",36955.9014295719,4,4,202119,3,3,0,0,1,0,2,0,0,0,0,0,0,0.333333333333333,4,"2020/21"
"185",2021,19,4,"LU, OW, NW, UR, SZ, ZG",20301.7045140029,17,17,202119,3,3,0,0,0,0,4,0,0,0,0,0,0,0,0,"2020/21"
"186",2021,19,5,"AI, AR, GL, SG, SH, TG, ZH",51627.4576364459,14,12,202119,1,1,0,0,0,0,5,0,0,0,0,0,0,0,0,"2020/21"
"187",2021,19,6,"GR, TI",13007.8842372739,3,3,202119,4,4,0,0,0,0,6,0,0,0,0,0,0,0,0,"2020/21"
"188",2021,20,1,"GE, NE, VD, VS",34419.1168307682,9,8,202120,8,8,0,0,1,3,1,0.375,3.375,0,0,0,0,0.125,9,"2020/21"
"189",2021,20,2,"BE, FR, JU",42633.8324713855,5,5,202120,8,8,0,0,3,1,2,0.125,0.625,0,0,0,0,0.375,15,"2020/21"
"190",2021,20,3,"AG, BL, BS, SO",37060.4291961501,0,0,202120,1,1,0,0,0,0,3,0,0,0,0,0,0,0,0,"2020/21"
"191",2021,20,4,"LU, OW, NW, UR, SZ, ZG",26222.6921378928,8,8,202120,2,2,0,0,1,0,4,0,0,0,0,0,0,0.5,8,"2020/21"
"192",2021,20,5,"AI, AR, GL, SG, SH, TG, ZH",54829.9956657843,23,21,202120,3,3,0,0,2,0,5,0,0,0,0,0,0,0.666666666666667,46,"2020/21"
"193",2021,20,6,"GR, TI",13951.840332989,4,4,202120,2,2,0,0,0,0,6,0,0,0,0,0,0,0,0,"2020/21"
"194",2021,21,1,"GE, NE, VD, VS",24009.3084152666,1,1,202121,6,6,0,0,1,1,1,0.166666666666667,0.166666666666667,0,0,0,0,0.166666666666667,1,"2020/21"
"195",2021,21,4,"LU, OW, NW, UR, SZ, ZG",25839.6624795091,3,3,202121,1,1,0,0,0,0,4,0,0,0,0,0,0,0,0,"2020/21"
"196",2021,21,5,"AI, AR, GL, SG, SH, TG, ZH",48781.8194885222,7,7,202121,1,1,0,0,0,0,5,0,0,0,0,0,0,0,0,"2020/21"
"197",2021,22,1,"GE, NE, VD, VS",32678.1183910242,3,3,202122,9,9,0,0,0,1,1,0.111111111111111,0.333333333333333,0,0,0,0,0,0,"2020/21"
"198",2021,22,2,"BE, FR, JU",53033.813723364,9,9,202122,6,6,0,0,1,0,2,0,0,0,0,0,0,0.166666666666667,9,"2020/21"
"199",2021,22,3,"AG, BL, BS, SO",40040.4182209905,1,1,202122,1,1,0,0,1,0,3,0,0,0,0,0,0,1,1,"2020/21"
"200",2021,22,4,"LU, OW, NW, UR, SZ, ZG",23010.6207735113,3,3,202122,1,1,0,0,1,0,4,0,0,0,0,0,0,1,3,"2020/21"
"201",2021,22,5,"AI, AR, GL, SG, SH, TG, ZH",56599.0920523224,22,21,202122,1,1,0,0,0,0,5,0,0,0,0,0,0,0,0,"2020/21"
"202",2021,23,1,"GE, NE, VD, VS",36556.731028684,5,3,202123,9,9,0,0,0,0,1,0,0,0,0,0,0,0,0,"2020/21"
"203",2021,23,2,"BE, FR, JU",42703.6384590813,2,2,202123,2,2,0,0,0,0,2,0,0,0,0,0,0,0,0,"2020/21"
"204",2021,23,4,"LU, OW, NW, UR, SZ, ZG",26148.7790999006,2,2,202123,1,1,0,0,0,0,4,0,0,0,0,0,0,0,0,"2020/21"
"205",2021,23,5,"AI, AR, GL, SG, SH, TG, ZH",61845.5138120624,7,6,202123,3,3,0,0,0,0,5,0,0,0,0,0,0,0,0,"2020/21"
"206",2021,23,6,"GR, TI",14987.1204068584,1,1,202123,1,1,0,0,0,0,6,0,0,0,0,0,0,0,0,"2020/21"
"207",2021,24,1,"GE, NE, VD, VS",37193.3120805636,14,12,202124,8,8,0,0,0,1,1,0.125,1.75,0,0,0,0,0,0,"2020/21"
"208",2021,24,2,"BE, FR, JU",45641.0403954159,3,2,202124,1,1,0,0,0,1,2,1,3,0,0,0,0,0,0,"2020/21"
"209",2021,24,3,"AG, BL, BS, SO",38836.0454021898,1,1,202124,1,1,0,0,0,0,3,0,0,0,0,0,0,0,0,"2020/21"
"210",2021,24,4,"LU, OW, NW, UR, SZ, ZG",31438.0469170175,3,3,202124,1,1,0,0,0,0,4,0,0,0,0,0,0,0,0,"2020/21"
"211",2021,24,5,"AI, AR, GL, SG, SH, TG, ZH",57585.6726773069,15,12,202124,2,2,0,0,0,0,5,0,0,0,0,0,0,0,0,"2020/21"
"212",2021,25,1,"GE, NE, VD, VS",34130.5331520115,2,2,202125,9,9,0,0,0,3,1,0.333333333333333,0.666666666666667,0,0,0,0,0,0,"2020/21"
"213",2021,25,2,"BE, FR, JU",46923.7383642113,5,5,202125,3,3,0,0,0,0,2,0,0,0,0,0,0,0,0,"2020/21"
"214",2021,25,4,"LU, OW, NW, UR, SZ, ZG",27315.7349138454,1,1,202125,1,1,0,0,0,0,4,0,0,0,0,0,0,0,0,"2020/21"
"215",2021,25,6,"GR, TI",11985.1720260098,0,0,202125,2,2,0,0,0,0,6,0,0,0,0,0,0,0,0,"2020/21"
"216",2021,26,1,"GE, NE, VD, VS",31102.5011635782,1,1,202126,3,3,0,0,0,0,1,0,0,0,0,0,0,0,0,"2020/21"
"217",2021,26,2,"BE, FR, JU",41408.8842847396,2,2,202126,2,2,0,0,1,1,2,0.5,1,0,0,0,0,0.5,2,"2020/21"
"218",2021,26,4,"LU, OW, NW, UR, SZ, ZG",27678.5689155323,4,4,202126,3,3,0,0,0,0,4,0,0,0,0,0,0,0,0,"2020/21"
"219",2021,26,5,"AI, AR, GL, SG, SH, TG, ZH",50599.8534649426,8,8,202126,3,3,0,0,0,0,5,0,0,0,0,0,0,0,0,"2020/21"
"220",2021,26,6,"GR, TI",9212.24415306102,2,2,202126,1,1,0,0,0,0,6,0,0,0,0,0,0,0,0,"2020/21"
"221",2021,27,1,"GE, NE, VD, VS",28525.4408660039,2,2,202127,9,9,0,0,0,1,1,0.111111111111111,0.222222222222222,0,0,0,0,0,0,"2020/21"
"222",2021,27,2,"BE, FR, JU",41966.2195727867,4,3,202127,4,4,0,0,0,0,2,0,0,0,0,0,0,0,0,"2020/21"
"223",2021,27,3,"AG, BL, BS, SO",30107.9159083964,1,1,202127,1,1,0,0,1,0,3,0,0,0,0,0,0,1,1,"2020/21"
"224",2021,27,5,"AI, AR, GL, SG, SH, TG, ZH",56585.2884216019,12,10,202127,2,2,0,0,0,0,5,0,0,0,0,0,0,0,0,"2020/21"
"225",2021,27,6,"GR, TI",11554.4463592642,1,1,202127,1,1,0,0,0,0,6,0,0,0,0,0,0,0,0,"2020/21"
"226",2021,28,1,"GE, NE, VD, VS",30176.1608247407,3,3,202128,2,2,0,0,0,0,1,0,0,0,0,0,0,0,0,"2020/21"
"227",2021,28,2,"BE, FR, JU",40364.2663118296,10,10,202128,9,9,0,0,0,3,2,0.333333333333333,3.33333333333333,0,0,0,0,0,0,"2020/21"
"228",2021,28,3,"AG, BL, BS, SO",27749.1570062204,3,3,202128,1,1,0,0,0,0,3,0,0,0,0,0,0,0,0,"2020/21"
"229",2021,28,4,"LU, OW, NW, UR, SZ, ZG",25693.1135755512,4,4,202128,1,1,0,0,0,0,4,0,0,0,0,0,0,0,0,"2020/21"
"230",2021,28,5,"AI, AR, GL, SG, SH, TG, ZH",54600.0081034861,17,15,202128,3,3,0,0,0,1,5,0.333333333333333,5.66666666666667,0,0,0,0,0,0,"2020/21"
"231",2021,28,6,"GR, TI",14460.9853779302,4,4,202128,1,1,0,0,0,1,6,1,4,0,0,0,0,0,0,"2020/21"
"232",2021,29,1,"GE, NE, VD, VS",31722.2800358639,3,3,202129,2,2,0,0,1,0,1,0,0,0,0,0,0,0.5,3,"2020/21"
"233",2021,29,2,"BE, FR, JU",41328.5232214517,8,8,202129,6,6,0,0,0,3,2,0.5,4,0,0,0,0,0,0,"2020/21"
"234",2021,29,4,"LU, OW, NW, UR, SZ, ZG",24183.8430585668,9,9,202129,1,1,0,0,0,0,4,0,0,0,0,0,0,0,0,"2020/21"
"235",2021,29,5,"AI, AR, GL, SG, SH, TG, ZH",45934.2927641831,16,16,202129,1,1,0,0,0,0,5,0,0,0,0,0,0,0,0,"2020/21"
"236",2021,29,6,"GR, TI",15874.0932623738,5,5,202129,2,2,0,0,0,1,6,0.5,2.5,0,0,0,0,0,0,"2020/21"
"237",2021,30,2,"BE, FR, JU",41940.4003461204,6,6,202130,2,2,0,0,0,1,2,0.5,3,0,0,0,0,0,0,"2020/21"
"238",2021,30,4,"LU, OW, NW, UR, SZ, ZG",25613.2423254715,4,4,202130,2,2,0,0,0,0,4,0,0,0,0,0,0,0,0,"2020/21"
"239",2021,31,1,"GE, NE, VD, VS",30054.7809931197,1,1,202131,7,7,0,0,0,3,1,0.428571428571429,0.428571428571429,0,0,0,0,0,0,"2021/22"
"240",2021,31,2,"BE, FR, JU",59434.8829077988,3,3,202131,4,4,0,0,0,1,2,0.25,0.75,0,0,0,0,0,0,"2021/22"
"241",2021,31,6,"GR, TI",17168.983256017,2,2,202131,1,1,0,0,0,0,6,0,0,0,0,0,0,0,0,"2021/22"
"242",2021,32,1,"GE, NE, VD, VS",28207.9701134154,4,4,202132,11,11,0,0,4,0,1,0,0,0,0,0,0,0.363636363636364,16,"2021/22"
"243",2021,32,2,"BE, FR, JU",53919.5402894064,4,3,202132,8,8,0,0,1,0,2,0,0,0,0,0,0,0.125,4,"2021/22"
"244",2021,32,4,"LU, OW, NW, UR, SZ, ZG",27778.7167815649,9,9,202132,1,1,0,0,0,0,4,0,0,0,0,0,0,0,0,"2021/22"
"245",2021,32,6,"GR, TI",10305.0858135994,5,5,202132,1,1,0,0,0,0,6,0,0,0,0,0,0,0,0,"2021/22"
"246",2021,33,1,"GE, NE, VD, VS",28627.0268297671,3,3,202133,9,9,0,0,3,2,1,0.222222222222222,0.666666666666667,0,0,0,0,0.333333333333333,9,"2021/22"
"247",2021,33,2,"BE, FR, JU",53416.7404569328,16,16,202133,14,14,0,0,7,3,2,0.214285714285714,3.42857142857143,0,0,0,0,0.5,112,"2021/22"
"248",2021,33,4,"LU, OW, NW, UR, SZ, ZG",30589.1024706501,16,15,202133,5,5,0,0,2,0,4,0,0,0,0,0,0,0.4,32,"2021/22"
"249",2021,34,1,"GE, NE, VD, VS",30481.8431114167,8,7,202134,15,15,0,0,1,2,1,0.133333333333333,1.06666666666667,0,0,0,0,0.0666666666666667,8,"2021/22"
"250",2021,34,2,"BE, FR, JU",47430.8466658451,9,6,202134,5,5,0,0,2,1,2,0.2,1.8,0,0,0,0,0.4,18,"2021/22"
"251",2021,34,4,"LU, OW, NW, UR, SZ, ZG",24878.5259591773,9,9,202134,1,1,0,0,0,0,4,0,0,0,0,0,0,0,0,"2021/22"
"252",2021,34,5,"AI, AR, GL, SG, SH, TG, ZH",50866.3375135988,38,34,202134,9,9,0,0,3,1,5,0.111111111111111,4.22222222222222,0,0,0,0,0.333333333333333,114,"2021/22"
"253",2021,34,6,"GR, TI",12848.3975478234,4,4,202134,3,3,0,0,0,0,6,0,0,0,0,0,0,0,0,"2021/22"
"254",2021,35,1,"GE, NE, VD, VS",28921.2373873532,6,6,202135,10,10,0,0,0,1,1,0.1,0.6,0,0,0,0,0,0,"2021/22"
"255",2021,35,2,"BE, FR, JU",41882.5754371989,7,5,202135,3,3,0,0,0,0,2,0,0,0,0,0,0,0,0,"2021/22"
"256",2021,35,4,"LU, OW, NW, UR, SZ, ZG",26067.4161991132,22,22,202135,3,3,0,0,0,0,4,0,0,0,0,0,0,0,0,"2021/22"
"257",2021,35,5,"AI, AR, GL, SG, SH, TG, ZH",45679.9653584542,24,16,202135,2,2,0,0,1,0,5,0,0,0,0,0,0,0.5,24,"2021/22"
"258",2021,35,6,"GR, TI",14028.2215292734,2,2,202135,1,1,0,0,0,0,6,0,0,0,0,0,0,0,0,"2021/22"
"259",2021,36,1,"GE, NE, VD, VS",31120.1512353227,3,3,202136,6,6,0,0,0,0,1,0,0,0,0,0,0,0,0,"2021/22"
"260",2021,36,2,"BE, FR, JU",43657.5952307576,13,12,202136,13,13,0,0,3,1,2,0.0769230769230769,1,0,0,0,0,0.230769230769231,39,"2021/22"
"261",2021,36,4,"LU, OW, NW, UR, SZ, ZG",16749.1938981058,16,15,202136,1,1,0,0,0,0,4,0,0,0,0,0,0,0,0,"2021/22"
"262",2021,36,5,"AI, AR, GL, SG, SH, TG, ZH",52559.2288745355,46,36,202136,9,9,0,0,2,0,5,0,0,0,0,0,0,0.222222222222222,92,"2021/22"
"263",2021,36,6,"GR, TI",16476.5020679175,2,2,202136,2,2,0,0,0,0,6,0,0,0,0,0,0,0,0,"2021/22"
"264",2021,37,1,"GE, NE, VD, VS",35782.9748190925,9,9,202137,13,13,0,0,0,0,1,0,0,0,0,0,0,0,0,"2021/22"
"265",2021,37,2,"BE, FR, JU",52335.1005667545,5,5,202137,6,6,0,0,2,0,2,0,0,0,0,0,0,0.333333333333333,10,"2021/22"
"266",2021,37,3,"AG, BL, BS, SO",33021.8814138143,2,2,202137,1,1,0,0,0,0,3,0,0,0,0,0,0,0,0,"2021/22"
"267",2021,37,4,"LU, OW, NW, UR, SZ, ZG",26478.0610481696,23,23,202137,1,1,0,0,0,0,4,0,0,0,0,0,0,0,0,"2021/22"
"268",2021,37,5,"AI, AR, GL, SG, SH, TG, ZH",49486.25434019,34,26,202137,8,8,0,0,3,0,5,0,0,0,0,0,0,0.375,102,"2021/22"
"269",2021,37,6,"GR, TI",16628.2173534528,5,5,202137,2,2,0,0,0,0,6,0,0,0,0,0,0,0,0,"2021/22"
"270",2021,38,1,"GE, NE, VD, VS",26242.9431296236,4,4,202138,7,7,0,0,0,0,1,0,0,0,0,0,0,0,0,"2021/22"
"271",2021,38,2,"BE, FR, JU",51321.7636144728,8,6,202138,9,9,0,0,1,0,2,0,0,0,0,0,0,0.111111111111111,8,"2021/22"
"272",2021,38,4,"LU, OW, NW, UR, SZ, ZG",28013.0671285333,20,20,202138,3,3,0,0,0,0,4,0,0,0,0,0,0,0,0,"2021/22"
"273",2021,38,5,"AI, AR, GL, SG, SH, TG, ZH",54110.2544322954,34,23,202138,9,9,0,0,2,0,5,0,0,0,0,0,0,0.222222222222222,68,"2021/22"
"274",2021,38,6,"GR, TI",14697.4623450839,5,5,202138,6,6,0,0,0,0,6,0,0,0,0,0,0,0,0,"2021/22"
"275",2021,39,1,"GE, NE, VD, VS",32539.8238025853,4,4,202139,4,4,0,0,0,0,1,0,0,0,0,0,0,0,0,"2021/22"
"276",2021,39,2,"BE, FR, JU",35231.469862964,2,2,202139,5,5,0,0,0,0,2,0,0,0,0,0,0,0,0,"2021/22"
"277",2021,39,4,"LU, OW, NW, UR, SZ, ZG",28625.1541254953,17,17,202139,6,6,0,0,0,0,4,0,0,0,0,0,0,0,0,"2021/22"
"278",2021,39,5,"AI, AR, GL, SG, SH, TG, ZH",51312.8591111673,30,29,202139,5,4,0,0,1,0,5,0,0,0,0,0,0,0.25,30,"2021/22"
"279",2021,39,6,"GR, TI",15145.2050560923,10,10,202139,1,1,0,0,0,0,6,0,0,0,0,0,0,0,0,"2021/22"
"280",2021,40,1,"GE, NE, VD, VS",32365.0454884046,10,9,202140,17,17,0,0,2,0,1,0,0,0,0,0,0,0.117647058823529,20,"2021/22"
"281",2021,40,2,"BE, FR, JU",37094.8950958237,2,2,202140,9,9,0,0,0,3,2,0.333333333333333,0.666666666666667,0,0,0,0,0,0,"2021/22"
"282",2021,40,3,"AG, BL, BS, SO",27235.1088785397,2,2,202140,1,1,0,0,0,0,3,0,0,0,0,0,0,0,0,"2021/22"
"283",2021,40,5,"AI, AR, GL, SG, SH, TG, ZH",58388.6958093103,19,18,202140,8,8,0,0,1,0,5,0,0,0,0,0,0,0.125,19,"2021/22"
"284",2021,40,6,"GR, TI",17592.7592574369,0,0,202140,4,4,0,0,0,1,6,0.25,0,0,0,0,0,0,0,"2021/22"
"285",2021,41,1,"GE, NE, VD, VS",35419.0310368828,3,3,202141,10,10,0,0,0,0,1,0,0,0,0,0,0,0,0,"2021/22"
"286",2021,41,2,"BE, FR, JU",51236.7063562349,5,5,202141,13,13,0,0,0,0,2,0,0,0,0,0,0,0,0,"2021/22"
"287",2021,41,3,"AG, BL, BS, SO",33852.8741510311,4,1,202141,3,3,0,0,0,0,3,0,0,0,0,0,0,0,0,"2021/22"
"288",2021,41,5,"AI, AR, GL, SG, SH, TG, ZH",39660.3242283846,12,6,202141,3,3,0,0,1,1,5,0.333333333333333,4,0,0,0,0,0.333333333333333,12,"2021/22"
"289",2021,41,6,"GR, TI",17687.7474198524,3,3,202141,3,3,0,0,0,0,6,0,0,0,0,0,0,0,0,"2021/22"
"290",2021,42,1,"GE, NE, VD, VS",29632.1068548485,1,1,202142,6,6,0,0,1,0,1,0,0,0,0,0,0,0.166666666666667,1,"2021/22"
"291",2021,42,2,"BE, FR, JU",46950.3896741303,12,12,202142,8,8,0,0,0,3,2,0.375,4.5,0,0,0,0,0,0,"2021/22"
"292",2021,42,3,"AG, BL, BS, SO",42143.1516853731,2,0,202142,5,5,0,0,0,0,3,0,0,0,0,0,0,0,0,"2021/22"
"293",2021,42,4,"LU, OW, NW, UR, SZ, ZG",27912.2419190923,9,9,202142,3,3,0,0,0,1,4,0.333333333333333,3,0,0,0,0,0,0,"2021/22"
"294",2021,42,5,"AI, AR, GL, SG, SH, TG, ZH",41164.5677806158,22,22,202142,5,5,0,0,0,0,5,0,0,0,0,0,0,0,0,"2021/22"
"295",2021,42,6,"GR, TI",16043.862124137,5,5,202142,6,6,0,0,0,1,6,0.166666666666667,0.833333333333333,0,0,0,0,0,0,"2021/22"
"296",2021,43,1,"GE, NE, VD, VS",24726.5822417612,4,4,202143,8,8,0,0,0,0,1,0,0,0,0,0,0,0,0,"2021/22"
"297",2021,43,2,"BE, FR, JU",43581.3649260619,13,11,202143,7,7,0,0,0,0,2,0,0,0,0,0,0,0,0,"2021/22"
"298",2021,43,3,"AG, BL, BS, SO",40297.0781751177,3,2,202143,6,6,0,0,0,0,3,0,0,0,0,0,0,0,0,"2021/22"
"299",2021,43,5,"AI, AR, GL, SG, SH, TG, ZH",47145.5599000897,45,44,202143,22,22,0,0,0,1,5,0.0454545454545455,2.04545454545455,0,0,0,0,0,0,"2021/22"
"300",2021,43,6,"GR, TI",15812.7105326731,5,2,202143,6,6,0,0,0,1,6,0.166666666666667,0.833333333333333,0,0,0,0,0,0,"2021/22"
"301",2021,44,1,"GE, NE, VD, VS",33730.4239385974,11,11,202144,16,16,0,0,0,2,1,0.125,1.375,0,0,0,0,0,0,"2021/22"
"302",2021,44,2,"BE, FR, JU",44796.984811029,15,14,202144,11,11,0,0,0,1,2,0.0909090909090909,1.36363636363636,0,0,0,0,0,0,"2021/22"
"303",2021,44,3,"AG, BL, BS, SO",38178.524079981,10,8,202144,7,7,0,0,0,1,3,0.142857142857143,1.42857142857143,0,0,0,0,0,0,"2021/22"
"304",2021,44,4,"LU, OW, NW, UR, SZ, ZG",26577.0404540384,15,15,202144,10,10,0,0,1,0,4,0,0,0,0,0,0,0.1,15,"2021/22"
"305",2021,44,5,"AI, AR, GL, SG, SH, TG, ZH",49842.3353915399,31,24,202144,13,13,0,0,0,0,5,0,0,0,0,0,0,0,0,"2021/22"
"306",2021,44,6,"GR, TI",8938.08612552266,5,3,202144,3,3,0,0,1,0,6,0,0,0,0,0,0,0.333333333333333,5,"2021/22"
"307",2021,45,1,"GE, NE, VD, VS",29871.8907178244,13,11,202145,17,17,0,0,2,0,1,0,0,0,0,0,0,0.117647058823529,26,"2021/22"
"308",2021,45,2,"BE, FR, JU",44767.8795106172,8,7,202145,18,18,0,0,1,0,2,0,0,0,0,0,0,0.0555555555555556,8,"2021/22"
"309",2021,45,3,"AG, BL, BS, SO",33533.172647193,8,7,202145,14,14,0,0,2,0,3,0,0,0,0,0,0,0.142857142857143,16,"2021/22"
"310",2021,45,4,"LU, OW, NW, UR, SZ, ZG",25199.4917011976,16,16,202145,3,3,0,0,1,0,4,0,0,0,0,0,0,0.333333333333333,16,"2021/22"
"311",2021,45,5,"AI, AR, GL, SG, SH, TG, ZH",52365.8535791892,41,33,202145,24,24,0,0,4,0,5,0,0,0,0,0,0,0.166666666666667,164,"2021/22"
"312",2021,45,6,"GR, TI",15057.6730703801,6,6,202145,10,10,0,0,2,1,6,0.1,0.6,0,0,0,0,0.2,12,"2021/22"
"313",2021,46,1,"GE, NE, VD, VS",29026.2416996599,9,8,202146,21,21,0,0,4,1,1,0.0476190476190476,0.428571428571429,0,0,0,0,0.19047619047619,36,"2021/22"
"314",2021,46,2,"BE, FR, JU",45354.2448024162,14,14,202146,15,15,0,0,4,1,2,0.0666666666666667,0.933333333333333,0,0,0,0,0.266666666666667,56,"2021/22"
"315",2021,46,3,"AG, BL, BS, SO",37158.5130054658,8,5,202146,19,19,0,0,8,2,3,0.105263157894737,0.842105263157895,0,0,0,0,0.421052631578947,64,"2021/22"
"316",2021,46,4,"LU, OW, NW, UR, SZ, ZG",28776.5146042709,32,32,202146,2,2,0,0,0,0,4,0,0,0,0,0,0,0,0,"2021/22"
"317",2021,46,5,"AI, AR, GL, SG, SH, TG, ZH",51184.0367971456,45,37,202146,23,23,0,0,7,1,5,0.0434782608695652,1.95652173913043,0,0,0,0,0.304347826086957,315,"2021/22"
"318",2021,46,6,"GR, TI",15161.8405802407,8,8,202146,9,9,0,0,0,0,6,0,0,0,0,0,0,0,0,"2021/22"
"319",2021,47,1,"GE, NE, VD, VS",28026.4163889095,18,17,202147,23,23,0,0,4,2,1,0.0869565217391304,1.56521739130435,0,0,0,0,0.173913043478261,72,"2021/22"
"320",2021,47,2,"BE, FR, JU",45005.4409586773,35,35,202147,24,24,2,0,12,0,2,0,0,0.0833333333333333,2.91666666666667,0,0,0.5,420,"2021/22"
"321",2021,47,3,"AG, BL, BS, SO",37315.6261148102,11,9,202147,14,14,0,0,4,1,3,0.0714285714285714,0.785714285714286,0,0,0,0,0.285714285714286,44,"2021/22"
"322",2021,47,4,"LU, OW, NW, UR, SZ, ZG",26738.446252832,48,42,202147,9,9,0,1,2,0,4,0,0,0,0,0.111111111111111,5.33333333333333,0.222222222222222,96,"2021/22"
"323",2021,47,5,"AI, AR, GL, SG, SH, TG, ZH",54956.4332060569,64,48,202147,29,29,0,0,7,1,5,0.0344827586206897,2.20689655172414,0,0,0,0,0.241379310344828,448,"2021/22"
"324",2021,47,6,"GR, TI",15221.5443133858,15,15,202147,11,11,0,0,3,2,6,0.181818181818182,2.72727272727273,0,0,0,0,0.272727272727273,45,"2021/22"
"325",2021,48,1,"GE, NE, VD, VS",32861.1096069737,22,22,202148,32,32,0,0,7,3,1,0.09375,2.0625,0,0,0,0,0.21875,154,"2021/22"
"326",2021,48,2,"BE, FR, JU",47370.9968331409,19,19,202148,18,18,0,0,2,2,2,0.111111111111111,2.11111111111111,0,0,0,0,0.111111111111111,38,"2021/22"
"327",2021,48,3,"AG, BL, BS, SO",35000.1300320261,11,11,202148,8,8,0,1,0,0,3,0,0,0,0,0.125,1.375,0,0,"2021/22"
"328",2021,48,4,"LU, OW, NW, UR, SZ, ZG",28106.7478947987,35,35,202148,6,6,0,0,0,1,4,0.166666666666667,5.83333333333333,0,0,0,0,0,0,"2021/22"
"329",2021,48,5,"AI, AR, GL, SG, SH, TG, ZH",51944.1950969584,60,53,202148,24,24,1,0,9,0,5,0,0,0.0416666666666667,2.5,0,0,0.375,540,"2021/22"
"330",2021,48,6,"GR, TI",15031.2126335796,8,8,202148,14,14,0,0,3,0,6,0,0,0,0,0,0,0.214285714285714,24,"2021/22"
"331",2021,49,1,"GE, NE, VD, VS",32226.7845201252,20,20,202149,31,31,0,0,6,2,1,0.0645161290322581,1.29032258064516,0,0,0,0,0.193548387096774,120,"2021/22"
"332",2021,49,2,"BE, FR, JU",50542.8980475405,10,10,202149,11,11,0,0,1,1,2,0.0909090909090909,0.909090909090909,0,0,0,0,0.0909090909090909,10,"2021/22"
"333",2021,49,3,"AG, BL, BS, SO",39923.9547708996,5,5,202149,15,15,0,0,6,0,3,0,0,0,0,0,0,0.4,30,"2021/22"
"334",2021,49,4,"LU, OW, NW, UR, SZ, ZG",23006.4364037863,32,32,202149,4,4,0,0,0,0,4,0,0,0,0,0,0,0,0,"2021/22"
"335",2021,49,5,"AI, AR, GL, SG, SH, TG, ZH",54762.9574541674,56,49,202149,23,23,0,0,9,2,5,0.0869565217391304,4.8695652173913,0,0,0,0,0.391304347826087,504,"2021/22"
"336",2021,49,6,"GR, TI",14262.1600134469,9,9,202149,6,6,0,0,0,0,6,0,0,0,0,0,0,0,0,"2021/22"
"337",2021,50,1,"GE, NE, VD, VS",33997.7340017919,20,15,202150,36,36,0,0,9,2,1,0.0555555555555556,1.11111111111111,0,0,0,0,0.25,180,"2021/22"
"338",2021,50,2,"BE, FR, JU",50074.838144982,14,13,202150,17,17,0,0,6,3,2,0.176470588235294,2.47058823529412,0,0,0,0,0.352941176470588,84,"2021/22"
"339",2021,50,3,"AG, BL, BS, SO",40118.3360451755,14,11,202150,12,12,0,0,5,1,3,0.0833333333333333,1.16666666666667,0,0,0,0,0.416666666666667,70,"2021/22"
"340",2021,50,4,"LU, OW, NW, UR, SZ, ZG",27274.1125706617,32,31,202150,4,4,0,0,0,0,4,0,0,0,0,0,0,0,0,"2021/22"
"341",2021,50,5,"AI, AR, GL, SG, SH, TG, ZH",50262.7174003714,46,44,202150,17,17,0,0,5,0,5,0,0,0,0,0,0,0.294117647058824,230,"2021/22"
"342",2021,50,6,"GR, TI",15350.4796415909,8,8,202150,13,13,0,0,1,0,6,0,0,0,0,0,0,0.0769230769230769,8,"2021/22"
"343",2021,51,1,"GE, NE, VD, VS",21383.3183562825,22,20,202151,25,25,3,0,6,3,1,0.12,2.64,0.12,2.64,0,0,0.24,132,"2021/22"
"344",2021,51,2,"BE, FR, JU",34707.4155414878,9,9,202151,15,15,0,0,4,2,2,0.133333333333333,1.2,0,0,0,0,0.266666666666667,36,"2021/22"
"345",2021,51,3,"AG, BL, BS, SO",21937.4155825517,4,1,202151,6,6,0,0,3,0,3,0,0,0,0,0,0,0.5,12,"2021/22"
"346",2021,51,4,"LU, OW, NW, UR, SZ, ZG",23873.1968014757,35,35,202151,4,4,0,0,1,2,4,0.5,17.5,0,0,0,0,0.25,35,"2021/22"
"347",2021,51,5,"AI, AR, GL, SG, SH, TG, ZH",34604.5529905303,36,34,202151,5,5,0,0,0,0,5,0,0,0,0,0,0,0,0,"2021/22"
"348",2021,51,6,"GR, TI",12440.7085405355,3,3,202151,12,12,0,0,2,1,6,0.0833333333333333,0.25,0,0,0,0,0.166666666666667,6,"2021/22"
"349",2021,52,1,"GE, NE, VD, VS",29267.9815915199,3,3,202152,5,5,1,0,0,2,1,0.4,1.2,0.2,0.6,0,0,0,0,"2021/22"
"350",2021,52,2,"BE, FR, JU",60411.8345245064,32,29,202152,20,20,1,0,3,1,2,0.05,1.6,0.05,1.6,0,0,0.15,96,"2021/22"
"351",2021,52,3,"AG, BL, BS, SO",10955.1002442783,0,0,202152,1,1,0,0,0,0,3,0,0,0,0,0,0,0,0,"2021/22"
"352",2021,52,5,"AI, AR, GL, SG, SH, TG, ZH",42537.4009316984,18,18,202152,13,13,0,0,7,1,5,0.0769230769230769,1.38461538461538,0,0,0,0,0.538461538461538,126,"2021/22"
"353",2021,52,6,"GR, TI",17769.4847560226,15,14,202152,5,5,0,0,0,2,6,0.4,6,0,0,0,0,0,0,"2021/22"
"354",2022,1,1,"GE, NE, VD, VS",38943.7802579689,18,17,202201,1,1,0,0,0,0,1,0,0,0,0,0,0,0,0,"2021/22"
"355",2022,1,1,"GE, NE, VD, VS",38943.7802579689,18,17,202201,23,23,2,0,7,2,1,0.0869565217391304,1.56521739130435,0.0869565217391304,1.56521739130435,0,0,0.304347826086957,126,"2021/22"
"356",2022,1,2,"BE, FR, JU",53660.6700508767,27,26,202201,7,7,0,0,5,1,2,0.142857142857143,3.85714285714286,0,0,0,0,0.714285714285714,135,"2021/22"
"357",2022,1,3,"AG, BL, BS, SO",50032.4004726788,11,8,202201,5,5,0,0,3,0,3,0,0,0,0,0,0,0.6,33,"2021/22"
"358",2022,1,4,"LU, OW, NW, UR, SZ, ZG",46770.4384517664,43,43,202201,7,7,0,0,2,0,4,0,0,0,0,0,0,0.285714285714286,86,"2021/22"
"359",2022,1,5,"AI, AR, GL, SG, SH, TG, ZH",68501.7220808261,82,81,202201,1,1,0,0,0,0,5,0,0,0,0,0,0,0,0,"2021/22"
"360",2022,1,5,"AI, AR, GL, SG, SH, TG, ZH",68501.7220808261,82,81,202201,27,27,0,0,6,0,5,0,0,0,0,0,0,0.222222222222222,492,"2021/22"
"361",2022,1,6,"GR, TI",9562.09062143074,23,22,202201,3,3,0,0,2,0,6,0,0,0,0,0,0,0.666666666666667,46,"2021/22"
"362",2022,2,1,"GE, NE, VD, VS",34951.843099176,20,17,202202,26,26,3,0,4,1,1,0.0384615384615385,0.769230769230769,0.115384615384615,2.30769230769231,0,0,0.153846153846154,80,"2021/22"
"363",2022,2,2,"BE, FR, JU",46480.6848091529,30,29,202202,19,19,1,0,5,1,2,0.0526315789473684,1.57894736842105,0.0526315789473684,1.57894736842105,0,0,0.263157894736842,150,"2021/22"
"364",2022,2,3,"AG, BL, BS, SO",38546.5253207353,12,7,202202,10,10,0,0,5,0,3,0,0,0,0,0,0,0.5,60,"2021/22"
"365",2022,2,4,"LU, OW, NW, UR, SZ, ZG",29093.577123343,47,47,202202,11,11,1,0,2,0,4,0,0,0.0909090909090909,4.27272727272727,0,0,0.181818181818182,94,"2021/22"
"366",2022,2,5,"AI, AR, GL, SG, SH, TG, ZH",46532.4563277513,58,56,202202,19,19,3,0,9,0,5,0,0,0.157894736842105,9.1578947368421,0,0,0.473684210526316,522,"2021/22"
"367",2022,2,6,"GR, TI",12857.773343019,13,13,202202,17,17,0,0,7,0,6,0,0,0,0,0,0,0.411764705882353,91,"2021/22"
"368",2022,3,1,"GE, NE, VD, VS",28782.576615141,29,27,202203,34,34,1,0,12,3,1,0.0882352941176471,2.55882352941176,0.0294117647058824,0.852941176470588,0,0,0.352941176470588,348,"2021/22"
"369",2022,3,2,"BE, FR, JU",43781.5592008311,30,29,202203,10,10,1,0,4,0,2,0,0,0.1,3,0,0,0.4,120,"2021/22"
"370",2022,3,3,"AG, BL, BS, SO",36269.9052834962,13,13,202203,11,11,0,0,9,0,3,0,0,0,0,0,0,0.818181818181818,117,"2021/22"
"371",2022,3,4,"LU, OW, NW, UR, SZ, ZG",30420.8154364799,18,18,202203,7,7,0,0,3,0,4,0,0,0,0,0,0,0.428571428571429,54,"2021/22"
"372",2022,3,5,"AI, AR, GL, SG, SH, TG, ZH",43401.76253789,77,77,202203,19,19,1,0,7,2,5,0.105263157894737,8.10526315789474,0.0526315789473684,4.05263157894737,0,0,0.368421052631579,539,"2021/22"
"373",2022,3,6,"GR, TI",14549.4545336135,17,17,202203,10,10,0,0,1,0,6,0,0,0,0,0,0,0.1,17,"2021/22"
"374",2022,4,1,"GE, NE, VD, VS",31957.1605726804,22,20,202204,22,22,3,0,9,0,1,0,0,0.136363636363636,3,0,0,0.409090909090909,198,"2021/22"
"375",2022,4,2,"BE, FR, JU",43284.1458427932,36,35,202204,18,18,2,0,5,1,2,0.0555555555555556,2,0.111111111111111,4,0,0,0.277777777777778,180,"2021/22"
"376",2022,4,3,"AG, BL, BS, SO",34629.7841307663,11,11,202204,11,11,0,0,7,0,3,0,0,0,0,0,0,0.636363636363636,77,"2021/22"
"377",2022,4,4,"LU, OW, NW, UR, SZ, ZG",30221.7763566108,38,38,202204,6,6,1,0,2,0,4,0,0,0.166666666666667,6.33333333333333,0,0,0.333333333333333,76,"2021/22"
"378",2022,4,5,"AI, AR, GL, SG, SH, TG, ZH",50788.421788774,93,92,202204,22,22,1,0,14,1,5,0.0454545454545455,4.22727272727273,0.0454545454545455,4.22727272727273,0,0,0.636363636363636,1302,"2021/22"
"379",2022,4,6,"GR, TI",14959.4255264329,15,15,202204,10,10,0,0,4,0,6,0,0,0,0,0,0,0.4,60,"2021/22"
"380",2022,5,1,"GE, NE, VD, VS",31714.4327223523,25,22,202205,29,29,7,0,8,2,1,0.0689655172413793,1.72413793103448,0.241379310344828,6.03448275862069,0,0,0.275862068965517,200,"2021/22"
"381",2022,5,2,"BE, FR, JU",43398.9584927807,42,42,202205,27,27,1,0,13,2,2,0.0740740740740741,3.11111111111111,0.037037037037037,1.55555555555556,0,0,0.481481481481481,546,"2021/22"
"382",2022,5,3,"AG, BL, BS, SO",29740.0547727172,9,6,202205,11,11,2,0,6,0,3,0,0,0.181818181818182,1.63636363636364,0,0,0.545454545454545,54,"2021/22"
"383",2022,5,4,"LU, OW, NW, UR, SZ, ZG",30274.2372866618,48,46,202205,5,5,0,0,0,0,4,0,0,0,0,0,0,0,0,"2021/22"
"384",2022,5,5,"AI, AR, GL, SG, SH, TG, ZH",46071.5292390504,82,76,202205,25,25,3,0,9,0,5,0,0,0.12,9.84,0,0,0.36,738,"2021/22"
"385",2022,5,6,"GR, TI",13130.1386618538,6,6,202205,9,9,1,0,4,0,6,0,0,0.111111111111111,0.666666666666667,0,0,0.444444444444444,24,"2021/22"
"386",2022,6,1,"GE, NE, VD, VS",33228.3274106115,18,18,202206,18,18,1,0,7,2,1,0.111111111111111,2,0.0555555555555556,1,0,0,0.388888888888889,126,"2021/22"
"387",2022,6,2,"BE, FR, JU",34861.8545402045,35,35,202206,20,20,2,0,7,0,2,0,0,0.1,3.5,0,0,0.35,245,"2021/22"
"388",2022,6,3,"AG, BL, BS, SO",37234.7073522616,6,4,202206,1,1,0,0,1,0,3,0,0,0,0,0,0,1,6,"2021/22"
"389",2022,6,4,"LU, OW, NW, UR, SZ, ZG",25571.3679758309,29,29,202206,4,4,1,0,1,0,4,0,0,0.25,7.25,0,0,0.25,29,"2021/22"
"390",2022,6,5,"AI, AR, GL, SG, SH, TG, ZH",48826.6732346118,69,63,202206,12,12,2,0,7,0,5,0,0,0.166666666666667,11.5,0,0,0.583333333333333,483,"2021/22"
"391",2022,6,6,"GR, TI",13225.6368253229,6,6,202206,8,8,1,0,4,0,6,0,0,0.125,0.75,0,0,0.5,24,"2021/22"
"392",2022,7,1,"GE, NE, VD, VS",31377.5702989749,24,20,202207,22,22,8,0,5,1,1,0.0454545454545455,1.09090909090909,0.363636363636364,8.72727272727273,0,0,0.227272727272727,120,"2021/22"
"393",2022,7,2,"BE, FR, JU",40810.3261142339,24,24,202207,11,11,2,0,5,2,2,0.181818181818182,4.36363636363636,0.181818181818182,4.36363636363636,0,0,0.454545454545455,120,"2021/22"
"394",2022,7,3,"AG, BL, BS, SO",40118.1700400789,4,3,202207,5,5,1,0,3,0,3,0,0,0.2,0.8,0,0,0.6,12,"2021/22"
"395",2022,7,4,"LU, OW, NW, UR, SZ, ZG",29025.0538001148,23,23,202207,4,4,0,0,3,1,4,0.25,5.75,0,0,0,0,0.75,69,"2021/22"
"396",2022,7,5,"AI, AR, GL, SG, SH, TG, ZH",44540.6957115781,42,42,202207,9,9,0,0,3,0,5,0,0,0,0,0,0,0.333333333333333,126,"2021/22"
"397",2022,7,6,"GR, TI",13314.0609188287,0,0,202207,8,8,0,0,3,0,6,0,0,0,0,0,0,0.375,0,"2021/22"
"398",2022,8,1,"GE, NE, VD, VS",30214.498285931,8,7,202208,14,14,5,0,3,0,1,0,0,0.357142857142857,2.85714285714286,0,0,0.214285714285714,24,"2021/22"
"399",2022,8,2,"BE, FR, JU",37274.5474625137,15,15,202208,7,7,0,0,1,1,2,0.142857142857143,2.14285714285714,0,0,0,0,0.142857142857143,15,"2021/22"
"400",2022,8,3,"AG, BL, BS, SO",35268.0039101325,4,3,202208,8,8,0,0,6,0,3,0,0,0,0,0,0,0.75,24,"2021/22"
"401",2022,8,4,"LU, OW, NW, UR, SZ, ZG",21967.9956310789,28,27,202208,4,4,0,0,1,0,4,0,0,0,0,0,0,0.25,28,"2021/22"
"402",2022,8,5,"AI, AR, GL, SG, SH, TG, ZH",45113.0048524316,61,60,202208,16,16,1,0,7,0,5,0,0,0.0625,3.8125,0,0,0.4375,427,"2021/22"
"403",2022,8,6,"GR, TI",11813.3263447112,8,8,202208,9,9,0,0,5,0,6,0,0,0,0,0,0,0.555555555555556,40,"2021/22"
"404",2022,9,1,"GE, NE, VD, VS",25568.9859308603,16,13,202209,15,15,5,0,6,1,1,0.0666666666666667,1.06666666666667,0.333333333333333,5.33333333333333,0,0,0.4,96,"2021/22"
"405",2022,9,2,"BE, FR, JU",38849.1360779003,19,18,202209,10,10,3,0,2,0,2,0,0,0.3,5.7,0,0,0.2,38,"2021/22"
"406",2022,9,3,"AG, BL, BS, SO",34946.7989848426,8,6,202209,8,8,0,0,4,0,3,0,0,0,0,0,0,0.5,32,"2021/22"
"407",2022,9,4,"LU, OW, NW, UR, SZ, ZG",23822.859536884,38,33,202209,1,1,0,0,0,0,4,0,0,0,0,0,0,0,0,"2021/22"
"408",2022,9,5,"AI, AR, GL, SG, SH, TG, ZH",50749.315117927,64,61,202209,28,28,2,0,11,1,5,0.0357142857142857,2.28571428571429,0.0714285714285714,4.57142857142857,0,0,0.392857142857143,704,"2021/22"
"409",2022,9,6,"GR, TI",10173.7925255376,8,8,202209,3,3,0,0,1,1,6,0.333333333333333,2.66666666666667,0,0,0,0,0.333333333333333,8,"2021/22"
"410",2022,10,1,"GE, NE, VD, VS",34814.8319457877,35,31,202210,33,33,15,0,5,1,1,0.0303030303030303,1.06060606060606,0.454545454545455,15.9090909090909,0,0,0.151515151515152,175,"2021/22"
"411",2022,10,2,"BE, FR, JU",45790.3249441539,20,19,202210,14,14,5,0,5,1,2,0.0714285714285714,1.42857142857143,0.357142857142857,7.14285714285714,0,0,0.357142857142857,100,"2021/22"
"412",2022,10,3,"AG, BL, BS, SO",29318.5633014529,7,6,202210,6,6,1,0,4,0,3,0,0,0.166666666666667,1.16666666666667,0,0,0.666666666666667,28,"2021/22"
"413",2022,10,4,"LU, OW, NW, UR, SZ, ZG",31089.0705592862,35,35,202210,4,4,0,0,3,0,4,0,0,0,0,0,0,0.75,105,"2021/22"
"414",2022,10,5,"AI, AR, GL, SG, SH, TG, ZH",52110.7470638515,104,103,202210,27,27,11,0,10,0,5,0,0,0.407407407407407,42.3703703703704,0,0,0.37037037037037,1040,"2021/22"
"415",2022,10,6,"GR, TI",12589.4023458624,13,13,202210,10,10,4,0,4,0,6,0,0,0.4,5.2,0,0,0.4,52,"2021/22"
"416",2022,11,1,"GE, NE, VD, VS",32463.9257383579,51,48,202211,33,33,16,0,7,0,1,0,0,0.484848484848485,24.7272727272727,0,0,0.212121212121212,357,"2021/22"
"417",2022,11,2,"BE, FR, JU",42857.7240109275,52,52,202211,23,23,8,0,7,0,2,0,0,0.347826086956522,18.0869565217391,0,0,0.304347826086957,364,"2021/22"
"418",2022,11,3,"AG, BL, BS, SO",37771.3946476375,16,12,202211,8,8,1,0,5,0,3,0,0,0.125,2,0,0,0.625,80,"2021/22"
"419",2022,11,4,"LU, OW, NW, UR, SZ, ZG",25280.2871519757,29,29,202211,5,5,0,0,3,0,4,0,0,0,0,0,0,0.6,87,"2021/22"
"420",2022,11,5,"AI, AR, GL, SG, SH, TG, ZH",51733.7772053565,101,98,202211,36,36,8,0,10,0,5,0,0,0.222222222222222,22.4444444444444,0,0,0.277777777777778,1010,"2021/22"
"421",2022,11,6,"GR, TI",12937.2866253132,13,13,202211,10,10,6,0,4,0,6,0,0,0.6,7.8,0,0,0.4,52,"2021/22"
"422",2022,12,1,"GE, NE, VD, VS",33304.7962626697,52,40,202212,39,39,22,0,14,2,1,0.0512820512820513,2.66666666666667,0.564102564102564,29.3333333333333,0,0,0.358974358974359,728,"2021/22"
"423",2022,12,2,"BE, FR, JU",42338.6729501625,40,40,202212,29,29,8,0,12,0,2,0,0,0.275862068965517,11.0344827586207,0,0,0.413793103448276,480,"2021/22"
"424",2022,12,3,"AG, BL, BS, SO",36461.0778227219,24,24,202212,11,11,2,0,6,0,3,0,0,0.181818181818182,4.36363636363636,0,0,0.545454545454545,144,"2021/22"
"425",2022,12,4,"LU, OW, NW, UR, SZ, ZG",26273.6077184319,4,4,202212,6,6,1,0,5,0,4,0,0,0.166666666666667,0.666666666666667,0,0,0.833333333333333,20,"2021/22"
"426",2022,12,5,"AI, AR, GL, SG, SH, TG, ZH",53558.7982072549,91,90,202212,26,26,9,0,9,0,5,0,0,0.346153846153846,31.5,0,0,0.346153846153846,819,"2021/22"
"427",2022,12,6,"GR, TI",11790.5687702557,23,22,202212,10,10,1,0,6,0,6,0,0,0.1,2.3,0,0,0.6,138,"2021/22"
"428",2022,13,1,"GE, NE, VD, VS",39738.3832716492,59,51,202213,36,36,14,0,8,0,1,0,0,0.388888888888889,22.9444444444444,0,0,0.222222222222222,472,"2021/22"
"429",2022,13,2,"BE, FR, JU",50978.8399209064,50,50,202213,19,19,4,0,7,0,2,0,0,0.210526315789474,10.5263157894737,0,0,0.368421052631579,350,"2021/22"
"430",2022,13,3,"AG, BL, BS, SO",41326.0196566072,23,19,202213,6,6,3,0,2,0,3,0,0,0.5,11.5,0,0,0.333333333333333,46,"2021/22"
"431",2022,13,4,"LU, OW, NW, UR, SZ, ZG",32074.0102845598,14,14,202213,5,5,0,0,2,0,4,0,0,0,0,0,0,0.4,28,"2021/22"
"432",2022,13,5,"AI, AR, GL, SG, SH, TG, ZH",57961.4276055973,56,55,202213,24,24,11,0,5,1,5,0.0416666666666667,2.33333333333333,0.458333333333333,25.6666666666667,0,0,0.208333333333333,280,"2021/22"
"433",2022,13,6,"GR, TI",13507.0176230877,22,19,202213,13,13,5,0,6,0,6,0,0,0.384615384615385,8.46153846153846,0,0,0.461538461538462,132,"2021/22"
"434",2022,14,1,"GE, NE, VD, VS",36901.2967152947,50,40,202214,22,22,10,0,4,0,1,0,0,0.454545454545455,22.7272727272727,0,0,0.181818181818182,200,"2021/22"
"435",2022,14,2,"BE, FR, JU",52719.4551321054,37,36,202214,13,13,5,0,3,0,2,0,0,0.384615384615385,14.2307692307692,0,0,0.230769230769231,111,"2021/22"
"436",2022,14,3,"AG, BL, BS, SO",42245.5309891621,17,12,202214,2,2,0,0,1,0,3,0,0,0,0,0,0,0.5,17,"2021/22"
"437",2022,14,4,"LU, OW, NW, UR, SZ, ZG",32223.7398992398,11,11,202214,4,4,0,0,0,1,4,0.25,2.75,0,0,0,0,0,0,"2021/22"
"438",2022,14,5,"AI, AR, GL, SG, SH, TG, ZH",49344.054166491,36,35,202214,17,17,3,0,7,0,5,0,0,0.176470588235294,6.35294117647059,0,0,0.411764705882353,252,"2021/22"
"439",2022,14,6,"GR, TI",13684.856510001,21,19,202214,22,22,3,0,7,0,6,0,0,0.136363636363636,2.86363636363636,0,0,0.318181818181818,147,"2021/22"
"440",2022,15,1,"GE, NE, VD, VS",26768.036586137,26,24,202215,17,17,8,0,1,0,1,0,0,0.470588235294118,12.2352941176471,0,0,0.0588235294117647,26,"2021/22"
"441",2022,15,2,"BE, FR, JU",39100.0732620559,32,28,202215,12,12,4,0,4,0,2,0,0,0.333333333333333,10.6666666666667,0,0,0.333333333333333,128,"2021/22"
"442",2022,15,3,"AG, BL, BS, SO",26973.1775175246,12,11,202215,3,3,3,0,1,0,3,0,0,1,12,0,0,0.333333333333333,12,"2021/22"
"443",2022,15,4,"LU, OW, NW, UR, SZ, ZG",26893.8323130528,7,7,202215,4,4,1,0,0,0,4,0,0,0.25,1.75,0,0,0,0,"2021/22"
"444",2022,15,5,"AI, AR, GL, SG, SH, TG, ZH",43766.4439848264,28,27,202215,9,9,1,0,1,0,5,0,0,0.111111111111111,3.11111111111111,0,0,0.111111111111111,28,"2021/22"
"445",2022,15,6,"GR, TI",12276.4422371935,24,24,202215,14,14,5,0,2,0,6,0,0,0.357142857142857,8.57142857142857,0,0,0.142857142857143,48,"2021/22"
"446",2022,16,1,"GE, NE, VD, VS",19263.5808637514,19,19,202216,11,11,2,0,2,1,1,0.0909090909090909,1.72727272727273,0.181818181818182,3.45454545454545,0,0,0.181818181818182,38,"2021/22"
"447",2022,16,2,"BE, FR, JU",34649.9329895323,12,12,202216,17,17,3,0,3,0,2,0,0,0.176470588235294,2.11764705882353,0,0,0.176470588235294,36,"2021/22"
"448",2022,16,4,"LU, OW, NW, UR, SZ, ZG",23077.2956488191,5,5,202216,2,2,0,0,0,0,4,0,0,0,0,0,0,0,0,"2021/22"
"449",2022,16,5,"AI, AR, GL, SG, SH, TG, ZH",37421.6207433631,19,19,202216,7,7,1,0,4,0,5,0,0,0.142857142857143,2.71428571428571,0,0,0.571428571428571,76,"2021/22"
"450",2022,16,6,"GR, TI",6292.86913354901,5,5,202216,9,9,0,0,2,0,6,0,0,0,0,0,0,0.222222222222222,10,"2021/22"
"451",2022,17,1,"GE, NE, VD, VS",28352.7359019633,15,15,202217,14,14,1,0,2,0,1,0,0,0.0714285714285714,1.07142857142857,0,0,0.142857142857143,30,"2021/22"
"452",2022,17,2,"BE, FR, JU",45468.7200370056,26,26,202217,15,15,2,0,2,0,2,0,0,0.133333333333333,3.46666666666667,0,0,0.133333333333333,52,"2021/22"
"453",2022,17,3,"AG, BL, BS, SO",42051.9725768506,8,7,202217,3,3,0,0,0,0,3,0,0,0,0,0,0,0,0,"2021/22"
"454",2022,17,4,"LU, OW, NW, UR, SZ, ZG",32897.421373199,12,12,202217,6,6,0,0,2,0,4,0,0,0,0,0,0,0.333333333333333,24,"2021/22"
"455",2022,17,5,"AI, AR, GL, SG, SH, TG, ZH",45962.8496368695,16,15,202217,6,6,0,0,0,0,5,0,0,0,0,0,0,0,0,"2021/22"
"456",2022,17,6,"GR, TI",14752.1000672523,7,7,202217,10,10,0,0,0,0,6,0,0,0,0,0,0,0,0,"2021/22"
"457",2022,18,1,"GE, NE, VD, VS",34427.6022250837,19,18,202218,16,15,2,0,1,0,1,0,0,0.133333333333333,2.53333333333333,0,0,0.0666666666666667,19,"2021/22"
"458",2022,18,2,"BE, FR, JU",47109.7339920874,17,17,202218,16,16,0,0,2,0,2,0,0,0,0,0,0,0.125,34,"2021/22"
"459",2022,18,3,"AG, BL, BS, SO",37936.2438682284,12,11,202218,4,4,0,0,1,0,3,0,0,0,0,0,0,0.25,12,"2021/22"
"460",2022,18,5,"AI, AR, GL, SG, SH, TG, ZH",54394.6079485289,16,16,202218,3,3,1,0,0,0,5,0,0,0.333333333333333,5.33333333333333,0,0,0,0,"2021/22"
"461",2022,18,6,"GR, TI",13353.9379506205,7,7,202218,5,5,0,0,0,0,6,0,0,0,0,0,0,0,0,"2021/22"
"462",2022,19,1,"GE, NE, VD, VS",30853.9127477218,10,9,202219,12,12,0,0,4,0,1,0,0,0,0,0,0,0.333333333333333,40,"2021/22"
"463",2022,19,2,"BE, FR, JU",47031.9981170561,11,10,202219,17,17,1,0,10,1,2,0.0588235294117647,0.647058823529412,0.0588235294117647,0.647058823529412,0,0,0.588235294117647,110,"2021/22"
"464",2022,19,4,"LU, OW, NW, UR, SZ, ZG",23224.4297857838,8,8,202219,1,1,1,0,0,0,4,0,0,1,8,0,0,0,0,"2021/22"
"465",2022,19,5,"AI, AR, GL, SG, SH, TG, ZH",52610.9856357046,11,11,202219,12,12,1,0,3,0,5,0,0,0.0833333333333333,0.916666666666667,0,0,0.25,33,"2021/22"
"466",2022,19,6,"GR, TI",11155.45445345,5,5,202219,5,5,0,0,3,0,6,0,0,0,0,0,0,0.6,15,"2021/22"
"467",2022,20,1,"GE, NE, VD, VS",35541.7100418402,17,17,202220,15,15,0,0,2,0,1,0,0,0,0,0,0,0.133333333333333,34,"2021/22"
"468",2022,20,2,"BE, FR, JU",45907.5272799785,18,18,202220,15,15,0,1,2,0,2,0,0,0,0,0.0666666666666667,1.2,0.133333333333333,36,"2021/22"
"469",2022,20,3,"AG, BL, BS, SO",40358.7873320461,3,3,202220,3,3,0,0,1,1,3,0.333333333333333,1,0,0,0,0,0.333333333333333,3,"2021/22"
"470",2022,20,4,"LU, OW, NW, UR, SZ, ZG",28650.2403426007,2,2,202220,3,3,0,0,0,0,4,0,0,0,0,0,0,0,0,"2021/22"
"471",2022,20,5,"AI, AR, GL, SG, SH, TG, ZH",53302.5481191762,10,8,202220,10,10,0,0,1,0,5,0,0,0,0,0,0,0.1,10,"2021/22"
"472",2022,20,6,"GR, TI",11336.7480494656,5,5,202220,4,4,0,0,1,0,6,0,0,0,0,0,0,0.25,5,"2021/22"
"473",2022,21,1,"GE, NE, VD, VS",25616.4658938691,6,5,202221,7,7,0,0,1,0,1,0,0,0,0,0,0,0.142857142857143,6,"2021/22"
"474",2022,21,2,"BE, FR, JU",38745.9330107904,6,6,202221,8,8,0,0,2,0,2,0,0,0,0,0,0,0.25,12,"2021/22"
"475",2022,21,3,"AG, BL, BS, SO",29245.4547141372,2,1,202221,5,5,0,0,2,0,3,0,0,0,0,0,0,0.4,4,"2021/22"
"476",2022,21,4,"LU, OW, NW, UR, SZ, ZG",26076.3225490295,9,9,202221,2,2,0,0,0,0,4,0,0,0,0,0,0,0,0,"2021/22"
"477",2022,21,5,"AI, AR, GL, SG, SH, TG, ZH",46117.6412764548,7,7,202221,4,4,0,0,0,0,5,0,0,0,0,0,0,0,0,"2021/22"
"478",2022,21,6,"GR, TI",9879.7683347766,1,1,202221,3,3,0,0,0,0,6,0,0,0,0,0,0,0,0,"2021/22"
"479",2022,22,1,"GE, NE, VD, VS",32641.7209247052,3,3,202222,4,4,0,0,0,0,1,0,0,0,0,0,0,0,0,"2021/22"
"480",2022,22,2,"BE, FR, JU",46798.1811765857,12,10,202222,13,13,3,0,0,0,2,0,0,0.230769230769231,2.76923076923077,0,0,0,0,"2021/22"
"481",2022,22,4,"LU, OW, NW, UR, SZ, ZG",29741.7594705935,7,7,202222,1,1,0,0,0,0,4,0,0,0,0,0,0,0,0,"2021/22"
"482",2022,22,5,"AI, AR, GL, SG, SH, TG, ZH",47655.250732239,16,14,202222,10,10,0,0,2,0,5,0,0,0,0,0,0,0.2,32,"2021/22"
"483",2022,22,6,"GR, TI",14674.025310856,2,2,202222,4,4,0,0,0,0,6,0,0,0,0,0,0,0,0,"2021/22"
"484",2022,23,1,"GE, NE, VD, VS",28048.3115573827,11,11,202223,11,11,0,0,1,1,1,0.0909090909090909,1,0,0,0,0,0.0909090909090909,11,"2021/22"
"485",2022,23,2,"BE, FR, JU",37219.0075215173,7,7,202223,4,4,0,0,1,0,2,0,0,0,0,0,0,0.25,7,"2021/22"
"486",2022,23,4,"LU, OW, NW, UR, SZ, ZG",25717.2637396709,9,9,202223,4,4,0,0,1,0,4,0,0,0,0,0,0,0.25,9,"2021/22"
"487",2022,23,5,"AI, AR, GL, SG, SH, TG, ZH",41232.4113113762,16,16,202223,16,16,0,0,4,0,5,0,0,0,0,0,0,0.25,64,"2021/22"
"488",2022,23,6,"GR, TI",12021.594113963,5,5,202223,7,7,0,0,1,0,6,0,0,0,0,0,0,0.142857142857143,5,"2021/22"
"489",2022,24,1,"GE, NE, VD, VS",32686.7099336487,10,10,202224,9,9,0,1,3,0,1,0,0,0,0,0.111111111111111,1.11111111111111,0.333333333333333,30,"2021/22"
"490",2022,24,2,"BE, FR, JU",46932.0687570392,16,16,202224,16,16,0,0,3,1,2,0.0625,1,0,0,0,0,0.1875,48,"2021/22"
"491",2022,24,3,"AG, BL, BS, SO",38682.3577840261,3,2,202224,4,4,0,0,1,0,3,0,0,0,0,0,0,0.25,3,"2021/22"
"492",2022,24,4,"LU, OW, NW, UR, SZ, ZG",24880.352475563,20,18,202224,8,8,0,0,2,0,4,0,0,0,0,0,0,0.25,40,"2021/22"
"493",2022,24,5,"AI, AR, GL, SG, SH, TG, ZH",49543.2496505139,19,19,202224,13,13,0,0,3,0,5,0,0,0,0,0,0,0.230769230769231,57,"2021/22"
"494",2022,24,6,"GR, TI",12275.1585161674,4,3,202224,4,4,0,0,1,0,6,0,0,0,0,0,0,0.25,4,"2021/22"
"495",2022,25,1,"GE, NE, VD, VS",35274.5010379843,14,14,202225,14,14,0,0,5,0,1,0,0,0,0,0,0,0.357142857142857,70,"2021/22"
"496",2022,25,2,"BE, FR, JU",47343.0058890127,14,14,202225,20,20,1,0,5,0,2,0,0,0.05,0.7,0,0,0.25,70,"2021/22"
"497",2022,25,3,"AG, BL, BS, SO",34567.0391645679,4,4,202225,1,1,0,0,0,0,3,0,0,0,0,0,0,0,0,"2021/22"
"498",2022,25,4,"LU, OW, NW, UR, SZ, ZG",31037.5613935153,17,16,202225,3,3,0,0,1,0,4,0,0,0,0,0,0,0.333333333333333,17,"2021/22"
"499",2022,25,5,"AI, AR, GL, SG, SH, TG, ZH",51354.0032338072,23,23,202225,15,15,0,0,4,0,5,0,0,0,0,0,0,0.266666666666667,92,"2021/22"
"500",2022,25,6,"GR, TI",11223.7709429905,4,4,202225,6,6,0,0,2,0,6,0,0,0,0,0,0,0.333333333333333,8,"2021/22"
"501",2022,26,1,"GE, NE, VD, VS",30843.9520852878,13,13,202226,9,9,0,0,1,0,1,0,0,0,0,0,0,0.111111111111111,13,"2021/22"
"502",2022,26,2,"BE, FR, JU",42327.5491777327,18,18,202226,14,14,0,0,8,0,2,0,0,0,0,0,0,0.571428571428571,144,"2021/22"
"503",2022,26,3,"AG, BL, BS, SO",39090.1608485575,2,2,202226,4,4,0,0,1,0,3,0,0,0,0,0,0,0.25,2,"2021/22"
"504",2022,26,4,"LU, OW, NW, UR, SZ, ZG",30300.5328328389,15,11,202226,7,7,0,0,2,0,4,0,0,0,0,0,0,0.285714285714286,30,"2021/22"
"505",2022,26,5,"AI, AR, GL, SG, SH, TG, ZH",44740.7672134552,27,24,202226,18,18,1,0,7,0,5,0,0,0.0555555555555556,1.5,0,0,0.388888888888889,189,"2021/22"
"506",2022,26,6,"GR, TI",9668.75365572246,3,3,202226,8,8,0,0,3,0,6,0,0,0,0,0,0,0.375,9,"2021/22"
"507",2022,27,1,"GE, NE, VD, VS",27742.4192792094,9,8,202227,13,13,0,0,4,0,1,0,0,0,0,0,0,0.307692307692308,36,"2021/22"
"508",2022,27,2,"BE, FR, JU",43293.7139750515,4,4,202227,17,17,0,0,12,0,2,0,0,0,0,0,0,0.705882352941177,48,"2021/22"
"509",2022,27,4,"LU, OW, NW, UR, SZ, ZG",33132.326575436,5,5,202227,9,9,0,0,7,0,4,0,0,0,0,0,0,0.777777777777778,35,"2021/22"
"510",2022,27,5,"AI, AR, GL, SG, SH, TG, ZH",47478.5850206157,37,37,202227,16,16,2,0,1,0,5,0,0,0.125,4.625,0,0,0.0625,37,"2021/22"
"511",2022,27,6,"GR, TI",10511.804630458,7,7,202227,4,4,0,0,1,0,6,0,0,0,0,0,0,0.25,7,"2021/22"
"512",2022,28,1,"GE, NE, VD, VS",29987.1808134308,6,6,202228,11,11,0,0,2,0,1,0,0,0,0,0,0,0.181818181818182,12,"2021/22"
"513",2022,28,2,"BE, FR, JU",39993.9760169186,9,9,202228,10,10,0,0,4,0,2,0,0,0,0,0,0,0.4,36,"2021/22"
"514",2022,28,3,"AG, BL, BS, SO",18367.3037747263,9,9,202228,1,1,0,0,0,0,3,0,0,0,0,0,0,0,0,"2021/22"
"515",2022,28,4,"LU, OW, NW, UR, SZ, ZG",25047.9540120801,31,30,202228,5,5,0,0,3,0,4,0,0,0,0,0,0,0.6,93,"2021/22"
"516",2022,28,5,"AI, AR, GL, SG, SH, TG, ZH",56861.7116912245,35,34,202228,14,14,1,0,2,0,5,0,0,0.0714285714285714,2.5,0,0,0.142857142857143,70,"2021/22"
"517",2022,28,6,"GR, TI",11897.7485806303,5,5,202228,3,3,0,0,0,0,6,0,0,0,0,0,0,0,0,"2021/22"
"518",2022,29,1,"GE, NE, VD, VS",35446.50919256,11,11,202229,9,9,0,0,4,0,1,0,0,0,0,0,0,0.444444444444444,44,"2021/22"
"519",2022,29,2,"BE, FR, JU",51860.5696542285,18,18,202229,19,19,0,0,9,0,2,0,0,0,0,0,0,0.473684210526316,162,"2021/22"
"520",2022,29,4,"LU, OW, NW, UR, SZ, ZG",21019.8422410324,17,17,202229,4,4,0,0,2,0,4,0,0,0,0,0,0,0.5,34,"2021/22"
"521",2022,29,5,"AI, AR, GL, SG, SH, TG, ZH",59813.0925553961,41,41,202229,10,10,0,0,2,0,5,0,0,0,0,0,0,0.2,82,"2021/22"
"522",2022,29,6,"GR, TI",14548.4688214642,5,5,202229,3,3,0,0,1,0,6,0,0,0,0,0,0,0.333333333333333,5,"2021/22"
"523",2022,30,1,"GE, NE, VD, VS",31946.0838420572,5,5,202230,8,8,0,0,2,0,1,0,0,0,0,0,0,0.25,10,"2021/22"
"524",2022,30,2,"BE, FR, JU",43427.5595344567,11,11,202230,11,11,0,0,2,0,2,0,0,0,0,0,0,0.181818181818182,22,"2021/22"
"525",2022,30,4,"LU, OW, NW, UR, SZ, ZG",30059.7781483432,14,14,202230,1,1,0,0,0,0,4,0,0,0,0,0,0,0,0,"2021/22"
"526",2022,30,5,"AI, AR, GL, SG, SH, TG, ZH",39328.2114705207,16,16,202230,3,3,0,0,0,0,5,0,0,0,0,0,0,0,0,"2021/22"
"527",2022,30,6,"GR, TI",13687.4456903417,3,3,202230,2,2,0,0,0,0,6,0,0,0,0,0,0,0,0,"2021/22"
"528",2022,31,1,"GE, NE, VD, VS",23271.7385144004,3,3,202231,3,3,0,0,0,0,1,0,0,0,0,0,0,0,0,"2022/23"
"529",2022,31,2,"BE, FR, JU",46158.2197845331,7,7,202231,9,9,1,0,3,0,2,0,0,0.111111111111111,0.777777777777778,0,0,0.333333333333333,21,"2022/23"
"530",2022,31,3,"AG, BL, BS, SO",48135.2161262858,2,2,202231,3,3,0,0,1,0,3,0,0,0,0,0,0,0.333333333333333,2,"2022/23"
"531",2022,31,4,"LU, OW, NW, UR, SZ, ZG",41156.3394370772,15,13,202231,6,6,0,0,2,0,4,0,0,0,0,0,0,0.333333333333333,30,"2022/23"
"532",2022,31,5,"AI, AR, GL, SG, SH, TG, ZH",34191.3446618516,15,15,202231,2,2,0,0,2,0,5,0,0,0,0,0,0,1,30,"2022/23"
"533",2022,31,6,"GR, TI",10642.3522371516,2,2,202231,4,4,0,0,0,0,6,0,0,0,0,0,0,0,0,"2022/23"
"534",2022,32,1,"GE, NE, VD, VS",24675.1184929954,2,2,202232,4,4,0,0,1,0,1,0,0,0,0,0,0,0.25,2,"2022/23"
"535",2022,32,2,"BE, FR, JU",54520.0644910308,15,15,202232,9,9,1,0,7,0,2,0,0,0.111111111111111,1.66666666666667,0,0,0.777777777777778,105,"2022/23"
"536",2022,32,3,"AG, BL, BS, SO",42564.5369432436,4,3,202232,1,1,0,0,1,0,3,0,0,0,0,0,0,1,4,"2022/23"
"537",2022,32,4,"LU, OW, NW, UR, SZ, ZG",39177.1801307628,8,8,202232,6,6,0,0,2,1,4,0.166666666666667,1.33333333333333,0,0,0,0,0.333333333333333,16,"2022/23"
"538",2022,32,5,"AI, AR, GL, SG, SH, TG, ZH",48147.0094115621,17,17,202232,3,3,0,0,1,0,5,0,0,0,0,0,0,0.333333333333333,17,"2022/23"
"539",2022,32,6,"GR, TI",10587.7528956371,3,3,202232,7,7,0,0,3,0,6,0,0,0,0,0,0,0.428571428571429,9,"2022/23"
"540",2022,33,1,"GE, NE, VD, VS",29818.2157258093,8,8,202233,10,10,2,0,4,0,1,0,0,0.2,1.6,0,0,0.4,32,"2022/23"
"541",2022,33,2,"BE, FR, JU",47162.3438588466,10,10,202233,10,10,0,0,6,0,2,0,0,0,0,0,0,0.6,60,"2022/23"
"542",2022,33,3,"AG, BL, BS, SO",43562.5297352385,4,3,202233,2,2,0,0,0,0,3,0,0,0,0,0,0,0,0,"2022/23"
"543",2022,33,4,"LU, OW, NW, UR, SZ, ZG",29590.3420082306,22,22,202233,5,5,0,0,0,0,4,0,0,0,0,0,0,0,0,"2022/23"
"544",2022,33,5,"AI, AR, GL, SG, SH, TG, ZH",51081.7708799752,26,25,202233,7,7,1,0,4,0,5,0,0,0.142857142857143,3.71428571428571,0,0,0.571428571428571,104,"2022/23"
"545",2022,33,6,"GR, TI",11931.1647705243,3,3,202233,3,3,0,0,0,0,6,0,0,0,0,0,0,0,0,"2022/23"
"546",2022,34,1,"GE, NE, VD, VS",31977.74633582,3,3,202234,10,10,0,0,3,0,1,0,0,0,0,0,0,0.3,9,"2022/23"
"547",2022,34,2,"BE, FR, JU",43184.2358554712,8,8,202234,14,14,1,0,3,0,2,0,0,0.0714285714285714,0.571428571428571,0,0,0.214285714285714,24,"2022/23"
"548",2022,34,3,"AG, BL, BS, SO",36612.7135749736,8,8,202234,2,2,0,0,0,0,3,0,0,0,0,0,0,0,0,"2022/23"
"549",2022,34,4,"LU, OW, NW, UR, SZ, ZG",30424.8816651998,18,18,202234,7,7,0,0,2,0,4,0,0,0,0,0,0,0.285714285714286,36,"2022/23"
"550",2022,34,5,"AI, AR, GL, SG, SH, TG, ZH",44804.7776395313,15,15,202234,5,5,0,0,3,0,5,0,0,0,0,0,0,0.6,45,"2022/23"
"551",2022,34,6,"GR, TI",12989.2447514021,1,1,202234,4,4,0,0,0,0,6,0,0,0,0,0,0,0,0,"2022/23"
"552",2022,35,1,"GE, NE, VD, VS",33438.744435937,3,3,202235,9,9,1,0,1,0,1,0,0,0.111111111111111,0.333333333333333,0,0,0.111111111111111,3,"2022/23"
"553",2022,35,2,"BE, FR, JU",39753.8989510037,20,19,202235,19,19,0,0,11,2,2,0.105263157894737,2.10526315789474,0,0,0,0,0.578947368421053,220,"2022/23"
"554",2022,35,3,"AG, BL, BS, SO",34162.8270393887,3,3,202235,3,3,0,0,0,0,3,0,0,0,0,0,0,0,0,"2022/23"
"555",2022,35,4,"LU, OW, NW, UR, SZ, ZG",27823.9490793436,8,8,202235,5,5,0,0,4,0,4,0,0,0,0,0,0,0.8,32,"2022/23"
"556",2022,35,5,"AI, AR, GL, SG, SH, TG, ZH",46472.6366483721,21,21,202235,6,6,1,0,2,0,5,0,0,0.166666666666667,3.5,0,0,0.333333333333333,42,"2022/23"
"557",2022,35,6,"GR, TI",12553.0978987187,3,3,202235,11,11,0,0,1,0,6,0,0,0,0,0,0,0.0909090909090909,3,"2022/23"
"558",2022,36,1,"GE, NE, VD, VS",30088.5602712728,5,5,202236,10,10,0,0,2,0,1,0,0,0,0,0,0,0.2,10,"2022/23"
"559",2022,36,2,"BE, FR, JU",43859.8953508525,15,14,202236,16,16,2,0,5,1,2,0.0625,0.9375,0.125,1.875,0,0,0.3125,75,"2022/23"
"560",2022,36,3,"AG, BL, BS, SO",35493.4025804741,5,4,202236,2,2,0,0,0,0,3,0,0,0,0,0,0,0,0,"2022/23"
"561",2022,36,4,"LU, OW, NW, UR, SZ, ZG",22109.0136263156,4,4,202236,2,2,0,0,0,0,4,0,0,0,0,0,0,0,0,"2022/23"
"562",2022,36,5,"AI, AR, GL, SG, SH, TG, ZH",47724.4351281102,19,18,202236,14,14,0,0,5,0,5,0,0,0,0,0,0,0.357142857142857,95,"2022/23"
"563",2022,36,6,"GR, TI",14744.1234717623,5,5,202236,7,7,0,0,4,0,6,0,0,0,0,0,0,0.571428571428571,20,"2022/23"
"564",2022,37,1,"GE, NE, VD, VS",30753.9271805894,6,6,202237,16,16,0,0,4,2,1,0.125,0.75,0,0,0,0,0.25,24,"2022/23"
"565",2022,37,2,"BE, FR, JU",43328.9177822343,13,12,202237,21,21,1,0,8,0,2,0,0,0.0476190476190476,0.619047619047619,0,0,0.380952380952381,104,"2022/23"
"566",2022,37,3,"AG, BL, BS, SO",35761.0392143632,6,6,202237,3,3,1,0,0,0,3,0,0,0.333333333333333,2,0,0,0,0,"2022/23"
"567",2022,37,4,"LU, OW, NW, UR, SZ, ZG",30279.1847824716,12,9,202237,2,2,0,0,0,0,4,0,0,0,0,0,0,0,0,"2022/23"
"568",2022,37,5,"AI, AR, GL, SG, SH, TG, ZH",48586.1027128907,24,21,202237,13,13,0,0,2,0,5,0,0,0,0,0,0,0.153846153846154,48,"2022/23"
"569",2022,37,6,"GR, TI",13071.2634948831,4,4,202237,4,4,0,0,0,0,6,0,0,0,0,0,0,0,0,"2022/23"
"570",2022,38,1,"GE, NE, VD, VS",29242.7005653245,9,9,202238,14,14,0,0,0,1,1,0.0714285714285714,0.642857142857143,0,0,0,0,0,0,"2022/23"
"571",2022,38,2,"BE, FR, JU",39514.5575832798,11,10,202238,9,9,0,0,2,0,2,0,0,0,0,0,0,0.222222222222222,22,"2022/23"
"572",2022,38,3,"AG, BL, BS, SO",36091.2935043197,5,5,202238,2,2,0,0,0,0,3,0,0,0,0,0,0,0,0,"2022/23"
"573",2022,38,4,"LU, OW, NW, UR, SZ, ZG",28352.4643908771,31,31,202238,7,7,0,0,0,0,4,0,0,0,0,0,0,0,0,"2022/23"
"574",2022,38,5,"AI, AR, GL, SG, SH, TG, ZH",50622.8493848361,23,21,202238,8,8,0,0,0,0,5,0,0,0,0,0,0,0,0,"2022/23"
"575",2022,38,6,"GR, TI",11964.9302640777,3,3,202238,11,11,0,0,4,0,6,0,0,0,0,0,0,0.363636363636364,12,"2022/23"
"576",2022,39,1,"GE, NE, VD, VS",33967.6851205947,2,2,202239,9,9,0,0,2,0,1,0,0,0,0,0,0,0.222222222222222,4,"2022/23"
"577",2022,39,2,"BE, FR, JU",30468.0420453504,11,11,202239,18,18,0,0,8,0,2,0,0,0,0,0,0,0.444444444444444,88,"2022/23"
"578",2022,39,3,"AG, BL, BS, SO",36309.3920506839,10,9,202239,1,1,0,0,0,0,3,0,0,0,0,0,0,0,0,"2022/23"
"579",2022,39,4,"LU, OW, NW, UR, SZ, ZG",28757.9787458829,27,27,202239,11,11,0,0,6,0,4,0,0,0,0,0,0,0.545454545454545,162,"2022/23"
"580",2022,39,5,"AI, AR, GL, SG, SH, TG, ZH",43022.7346318584,37,36,202239,13,13,0,0,4,0,5,0,0,0,0,0,0,0.307692307692308,148,"2022/23"
"581",2022,39,6,"GR, TI",11867.9266308959,6,6,202239,6,6,0,0,3,0,6,0,0,0,0,0,0,0.5,18,"2022/23"
"582",2022,40,1,"GE, NE, VD, VS",31908.3358887522,14,14,202240,16,16,0,0,5,2,1,0.125,1.75,0,0,0,0,0.3125,70,"2022/23"
"583",2022,40,2,"BE, FR, JU",34163.0224831259,18,18,202240,13,13,1,0,1,0,2,0,0,0.0769230769230769,1.38461538461538,0,0,0.0769230769230769,18,"2022/23"
"584",2022,40,3,"AG, BL, BS, SO",20765.1806567075,5,5,202240,1,1,0,0,0,0,3,0,0,0,0,0,0,0,0,"2022/23"
"585",2022,40,4,"LU, OW, NW, UR, SZ, ZG",30740.1059428723,13,12,202240,3,3,0,0,1,0,4,0,0,0,0,0,0,0.333333333333333,13,"2022/23"
"586",2022,40,5,"AI, AR, GL, SG, SH, TG, ZH",47597.8709139042,35,34,202240,25,25,0,0,10,0,5,0,0,0,0,0,0,0.4,350,"2022/23"
"587",2022,40,6,"GR, TI",13414.7902509084,9,9,202240,13,13,1,0,4,1,6,0.0769230769230769,0.692307692307692,0.0769230769230769,0.692307692307692,0,0,0.307692307692308,36,"2022/23"
"588",2022,41,1,"GE, NE, VD, VS",38846.8807813595,13,13,202241,14,14,1,0,4,1,1,0.0714285714285714,0.928571428571428,0.0714285714285714,0.928571428571428,0,0,0.285714285714286,52,"2022/23"
"589",2022,41,2,"BE, FR, JU",49181.7592320584,16,16,202241,15,15,0,0,4,0,2,0,0,0,0,0,0,0.266666666666667,64,"2022/23"
"590",2022,41,3,"AG, BL, BS, SO",26038.0297738781,5,5,202241,4,4,0,0,2,0,3,0,0,0,0,0,0,0.5,10,"2022/23"
"591",2022,41,4,"LU, OW, NW, UR, SZ, ZG",27507.7626405766,24,22,202241,2,2,0,0,0,0,4,0,0,0,0,0,0,0,0,"2022/23"
"592",2022,41,5,"AI, AR, GL, SG, SH, TG, ZH",34473.2169206801,21,18,202241,4,4,0,0,2,0,5,0,0,0,0,0,0,0.5,42,"2022/23"
"593",2022,41,6,"GR, TI",18372.3878683743,11,9,202241,12,12,1,0,2,0,6,0,0,0.0833333333333333,0.916666666666667,0,0,0.166666666666667,22,"2022/23"
"594",2022,42,1,"GE, NE, VD, VS",25308.6758756971,13,13,202242,13,13,0,0,3,4,1,0.307692307692308,4,0,0,0,0,0.230769230769231,39,"2022/23"
"595",2022,42,2,"BE, FR, JU",45441.2132385324,14,14,202242,19,19,0,0,7,1,2,0.0526315789473684,0.736842105263158,0,0,0,0,0.368421052631579,98,"2022/23"
"596",2022,42,3,"AG, BL, BS, SO",43749.1320885614,9,9,202242,5,5,0,0,1,1,3,0.2,1.8,0,0,0,0,0.2,9,"2022/23"
"597",2022,42,4,"LU, OW, NW, UR, SZ, ZG",32928.226779103,17,17,202242,4,4,0,0,0,1,4,0.25,4.25,0,0,0,0,0,0,"2022/23"
"598",2022,42,5,"AI, AR, GL, SG, SH, TG, ZH",37481.7047359649,36,35,202242,14,14,0,0,5,0,5,0,0,0,0,0,0,0.357142857142857,180,"2022/23"
"599",2022,42,6,"GR, TI",14384.5369480088,13,12,202242,13,13,0,0,5,0,6,0,0,0,0,0,0,0.384615384615385,65,"2022/23"
"600",2022,43,1,"GE, NE, VD, VS",25083.4741860944,13,13,202243,19,19,0,0,4,4,1,0.210526315789474,2.73684210526316,0,0,0,0,0.210526315789474,52,"2022/23"
"601",2022,43,2,"BE, FR, JU",45529.8430242996,9,9,202243,20,20,0,0,8,1,2,0.05,0.45,0,0,0,0,0.4,72,"2022/23"
"602",2022,43,3,"AG, BL, BS, SO",41563.1076851925,7,6,202243,5,5,0,0,0,1,3,0.2,1.4,0,0,0,0,0,0,"2022/23"
"603",2022,43,4,"LU, OW, NW, UR, SZ, ZG",23886.1124173954,5,5,202243,2,2,0,0,1,0,4,0,0,0,0,0,0,0.5,5,"2022/23"
"604",2022,43,5,"AI, AR, GL, SG, SH, TG, ZH",49698.0049651973,35,35,202243,20,20,1,0,4,1,5,0.05,1.75,0.05,1.75,0,0,0.2,140,"2022/23"
"605",2022,43,6,"GR, TI",13129.6751335995,13,13,202243,13,13,0,0,5,1,6,0.0769230769230769,1,0,0,0,0,0.384615384615385,65,"2022/23"
"606",2022,44,1,"GE, NE, VD, VS",35387.3218219532,26,26,202244,15,15,0,0,2,2,1,0.133333333333333,3.46666666666667,0,0,0,0,0.133333333333333,52,"2022/23"
"607",2022,44,2,"BE, FR, JU",47380.7271752294,14,13,202244,16,16,0,0,4,2,2,0.125,1.75,0,0,0,0,0.25,56,"2022/23"
"608",2022,44,3,"AG, BL, BS, SO",38017.6820757778,15,11,202244,8,8,0,0,2,0,3,0,0,0,0,0,0,0.25,30,"2022/23"
"609",2022,44,4,"LU, OW, NW, UR, SZ, ZG",21396.6975826458,4,4,202244,6,6,0,0,2,0,4,0,0,0,0,0,0,0.333333333333333,8,"2022/23"
"610",2022,44,5,"AI, AR, GL, SG, SH, TG, ZH",46958.0620917213,19,18,202244,19,19,1,0,3,0,5,0,0,0.0526315789473684,1,0,0,0.157894736842105,57,"2022/23"
"611",2022,44,6,"GR, TI",7875.40916280803,6,6,202244,4,4,1,0,1,0,6,0,0,0.25,1.5,0,0,0.25,6,"2022/23"
"612",2022,45,1,"GE, NE, VD, VS",31359.9267168849,13,13,202245,9,9,1,0,1,3,1,0.333333333333333,4.33333333333333,0.111111111111111,1.44444444444444,0,0,0.111111111111111,13,"2022/23"
"613",2022,45,2,"BE, FR, JU",46539.4137744104,22,22,202245,28,28,0,0,9,3,2,0.107142857142857,2.35714285714286,0,0,0,0,0.321428571428571,198,"2022/23"
"614",2022,45,3,"AG, BL, BS, SO",35028.2527189874,9,5,202245,2,2,0,0,1,0,3,0,0,0,0,0,0,0.5,9,"2022/23"
"615",2022,45,4,"LU, OW, NW, UR, SZ, ZG",26606.4084212231,8,8,202245,9,9,0,0,2,2,4,0.222222222222222,1.77777777777778,0,0,0,0,0.222222222222222,16,"2022/23"
"616",2022,45,5,"AI, AR, GL, SG, SH, TG, ZH",45837.7697682739,39,37,202245,16,16,0,0,2,4,5,0.25,9.75,0,0,0,0,0.125,78,"2022/23"
"617",2022,45,6,"GR, TI",11759.5871405585,4,4,202245,6,6,0,0,2,0,6,0,0,0,0,0,0,0.333333333333333,8,"2022/23"
"618",2022,46,1,"GE, NE, VD, VS",32068.75619143,16,16,202246,18,18,3,0,3,1,1,0.0555555555555556,0.888888888888889,0.166666666666667,2.66666666666667,0,0,0.166666666666667,48,"2022/23"
"619",2022,46,2,"BE, FR, JU",47078.563149409,14,14,202246,23,23,0,0,6,3,2,0.130434782608696,1.82608695652174,0,0,0,0,0.260869565217391,84,"2022/23"
"620",2022,46,3,"AG, BL, BS, SO",39082.4813420076,12,10,202246,4,4,1,0,0,1,3,0.25,3,0.25,3,0,0,0,0,"2022/23"
"621",2022,46,4,"LU, OW, NW, UR, SZ, ZG",27479.8426238519,9,9,202246,5,5,0,0,1,2,4,0.4,3.6,0,0,0,0,0.2,9,"2022/23"
"622",2022,46,5,"AI, AR, GL, SG, SH, TG, ZH",49978.9216138935,21,15,202246,12,12,1,0,1,4,5,0.333333333333333,7,0.0833333333333333,1.75,0,0,0.0833333333333333,21,"2022/23"
"623",2022,46,6,"GR, TI",11756.4055901554,3,3,202246,9,9,0,0,3,1,6,0.111111111111111,0.333333333333333,0,0,0,0,0.333333333333333,9,"2022/23"
"624",2022,47,1,"GE, NE, VD, VS",30922.5771703462,12,12,202247,15,15,2,0,2,2,1,0.133333333333333,1.6,0.133333333333333,1.6,0,0,0.133333333333333,24,"2022/23"
"625",2022,47,2,"BE, FR, JU",45509.5394355593,19,19,202247,13,13,1,0,2,4,2,0.307692307692308,5.84615384615385,0.0769230769230769,1.46153846153846,0,0,0.153846153846154,38,"2022/23"
"626",2022,47,3,"AG, BL, BS, SO",37870.8135915172,9,6,202247,8,8,1,0,1,2,3,0.25,2.25,0.125,1.125,0,0,0.125,9,"2022/23"
"627",2022,47,4,"LU, OW, NW, UR, SZ, ZG",31696.9983214259,9,9,202247,6,6,1,0,1,0,4,0,0,0.166666666666667,1.5,0,0,0.166666666666667,9,"2022/23"
"628",2022,47,5,"AI, AR, GL, SG, SH, TG, ZH",51307.0293362686,35,32,202247,14,14,0,0,1,2,5,0.142857142857143,5,0,0,0,0,0.0714285714285714,35,"2022/23"
"629",2022,47,6,"GR, TI",13505.7977849183,8,8,202247,11,11,1,0,3,1,6,0.0909090909090909,0.727272727272727,0.0909090909090909,0.727272727272727,0,0,0.272727272727273,24,"2022/23"
"630",2022,48,1,"GE, NE, VD, VS",31347.9762958996,21,18,202248,21,21,5,0,1,4,1,0.19047619047619,4,0.238095238095238,5,0,0,0.0476190476190476,21,"2022/23"
"631",2022,48,2,"BE, FR, JU",47832.5758572834,28,28,202248,21,21,1,0,3,7,2,0.333333333333333,9.33333333333333,0.0476190476190476,1.33333333333333,0,0,0.142857142857143,84,"2022/23"
"632",2022,48,3,"AG, BL, BS, SO",41350.5515647795,22,22,202248,6,6,1,1,1,0,3,0,0,0.166666666666667,3.66666666666667,0.166666666666667,3.66666666666667,0.166666666666667,22,"2022/23"
"633",2022,48,4,"LU, OW, NW, UR, SZ, ZG",29181.2623611808,26,23,202248,5,5,1,0,1,0,4,0,0,0.2,5.2,0,0,0.2,26,"2022/23"
"634",2022,48,5,"AI, AR, GL, SG, SH, TG, ZH",51691.5110923953,42,41,202248,15,15,0,0,5,1,5,0.0666666666666667,2.8,0,0,0,0,0.333333333333333,210,"2022/23"
"635",2022,48,6,"GR, TI",13031.2259097641,13,10,202248,7,7,2,0,2,0,6,0,0,0.285714285714286,3.71428571428571,0,0,0.285714285714286,26,"2022/23"
"636",2022,49,1,"GE, NE, VD, VS",31334.1983982506,26,24,202249,18,18,2,0,1,3,1,0.166666666666667,4.33333333333333,0.111111111111111,2.88888888888889,0,0,0.0555555555555556,26,"2022/23"
"637",2022,49,2,"BE, FR, JU",45779.7783955123,34,32,202249,24,24,5,0,4,6,2,0.25,8.5,0.208333333333333,7.08333333333333,0,0,0.166666666666667,136,"2022/23"
"638",2022,49,3,"AG, BL, BS, SO",38892.0211631359,24,20,202249,14,14,7,0,3,1,3,0.0714285714285714,1.71428571428571,0.5,12,0,0,0.214285714285714,72,"2022/23"
"639",2022,49,4,"LU, OW, NW, UR, SZ, ZG",24024.9386272631,29,26,202249,5,5,0,0,1,2,4,0.4,11.6,0,0,0,0,0.2,29,"2022/23"
"640",2022,49,5,"AI, AR, GL, SG, SH, TG, ZH",51012.6223445729,57,55,202249,18,18,6,1,1,2,5,0.111111111111111,6.33333333333333,0.333333333333333,19,0.0555555555555556,3.16666666666667,0.0555555555555556,57,"2022/23"
"641",2022,49,6,"GR, TI",10998.9203317012,16,16,202249,17,17,3,0,1,3,6,0.176470588235294,2.82352941176471,0.176470588235294,2.82352941176471,0,0,0.0588235294117647,16,"2022/23"
"642",2022,50,1,"GE, NE, VD, VS",34754.4705137519,28,23,202250,21,21,5,0,6,1,1,0.0476190476190476,1.33333333333333,0.238095238095238,6.66666666666667,0,0,0.285714285714286,168,"2022/23"
"643",2022,50,2,"BE, FR, JU",49267.7127107936,33,31,202250,21,21,8,0,6,2,2,0.0952380952380952,3.14285714285714,0.380952380952381,12.5714285714286,0,0,0.285714285714286,198,"2022/23"
"644",2022,50,3,"AG, BL, BS, SO",39716.383186188,77,49,202250,14,14,10,0,1,1,3,0.0714285714285714,5.5,0.714285714285714,55,0,0,0.0714285714285714,77,"2022/23"
"645",2022,50,4,"LU, OW, NW, UR, SZ, ZG",30220.7896850903,45,41,202250,6,6,2,0,1,1,4,0.166666666666667,7.5,0.333333333333333,15,0,0,0.166666666666667,45,"2022/23"
"646",2022,50,5,"AI, AR, GL, SG, SH, TG, ZH",50725.0466376949,82,78,202250,20,20,11,1,3,0,5,0,0,0.55,45.1,0.05,4.1,0.15,246,"2022/23"
"647",2022,50,6,"GR, TI",14773.0207482724,18,18,202250,9,9,4,0,0,4,6,0.444444444444444,8,0.444444444444444,8,0,0,0,0,"2022/23"
"648",2022,51,1,"GE, NE, VD, VS",32555.4935240966,35,29,202251,29,29,14,0,5,2,1,0.0689655172413793,2.41379310344828,0.482758620689655,16.8965517241379,0,0,0.172413793103448,175,"2022/23"
"649",2022,51,2,"BE, FR, JU",42893.323515645,76,72,202251,27,27,14,0,2,6,2,0.222222222222222,16.8888888888889,0.518518518518518,39.4074074074074,0,0,0.0740740740740741,152,"2022/23"
"650",2022,51,3,"AG, BL, BS, SO",39182.1595779522,126,57,202251,19,19,12,1,3,1,3,0.0526315789473684,6.63157894736842,0.631578947368421,79.578947368421,0.0526315789473684,6.63157894736842,0.157894736842105,378,"2022/23"
"651",2022,51,4,"LU, OW, NW, UR, SZ, ZG",30235.0002408085,83,77,202251,11,11,3,0,4,3,4,0.272727272727273,22.6363636363636,0.272727272727273,22.6363636363636,0,0,0.363636363636364,332,"2022/23"
"652",2022,51,5,"AI, AR, GL, SG, SH, TG, ZH",48766.0172125363,129,121,202251,17,17,6,0,2,4,5,0.235294117647059,30.3529411764706,0.352941176470588,45.5294117647059,0,0,0.117647058823529,258,"2022/23"
"653",2022,51,6,"GR, TI",13279.1519699796,30,30,202251,21,21,6,0,0,3,6,0.142857142857143,4.28571428571429,0.285714285714286,8.57142857142857,0,0,0,0,"2022/23"
"654",2022,52,1,"GE, NE, VD, VS",19283.7261895657,15,13,202252,8,8,3,1,0,0,1,0,0,0.375,5.625,0.125,1.875,0,0,"2022/23"
"655",2022,52,2,"BE, FR, JU",58124.317435034,89,79,202252,16,16,8,1,1,1,2,0.0625,5.5625,0.5,44.5,0.0625,5.5625,0.0625,89,"2022/23"
"656",2022,52,3,"AG, BL, BS, SO",18453.0858743802,22,16,202252,5,5,3,0,0,1,3,0.2,4.4,0.6,13.2,0,0,0,0,"2022/23"
"657",2022,52,4,"LU, OW, NW, UR, SZ, ZG",27009.8979396507,40,39,202252,2,2,1,0,1,0,4,0,0,0.5,20,0,0,0.5,40,"2022/23"
"658",2022,52,5,"AI, AR, GL, SG, SH, TG, ZH",42687.9148185405,57,54,202252,12,12,6,0,2,2,5,0.166666666666667,9.5,0.5,28.5,0,0,0.166666666666667,114,"2022/23"
"659",2022,52,6,"GR, TI",11431.2451896266,23,18,202252,6,6,3,0,1,0,6,0,0,0.5,11.5,0,0,0.166666666666667,23,"2022/23"
"660",2023,1,1,"GE, NE, VD, VS",23599.4571608552,21,20,202301,9,9,3,0,2,0,1,0,0,0.333333333333333,7,0,0,0.222222222222222,42,"2022/23"
"661",2023,1,2,"BE, FR, JU",42835.787384007,55,53,202301,17,17,9,0,1,2,2,0.117647058823529,6.47058823529412,0.529411764705882,29.1176470588235,0,0,0.0588235294117647,55,"2022/23"
"662",2023,1,3,"AG, BL, BS, SO",40820.9964123304,34,25,202301,12,12,4,0,1,2,3,0.166666666666667,5.66666666666667,0.333333333333333,11.3333333333333,0,0,0.0833333333333333,34,"2022/23"
"663",2023,1,4,"LU, OW, NW, UR, SZ, ZG",33324.497878255,21,20,202301,2,2,1,0,1,0,4,0,0,0.5,10.5,0,0,0.5,21,"2022/23"
"664",2023,1,5,"AI, AR, GL, SG, SH, TG, ZH",43514.6608912838,52,47,202301,12,12,5,0,3,1,5,0.0833333333333333,4.33333333333333,0.416666666666667,21.6666666666667,0,0,0.25,156,"2022/23"
"665",2023,1,6,"GR, TI",10435.6409127586,15,10,202301,3,3,2,0,0,0,6,0,0,0.666666666666667,10,0,0,0,0,"2022/23"
"666",2023,2,1,"GE, NE, VD, VS",33177.0751102811,35,31,202302,15,15,4,1,0,2,1,0.133333333333333,4.66666666666667,0.266666666666667,9.33333333333333,0.0666666666666667,2.33333333333333,0,0,"2022/23"
"667",2023,2,2,"BE, FR, JU",41829.3139612759,48,46,202302,16,16,5,0,1,0,2,0,0,0.3125,15,0,0,0.0625,48,"2022/23"
"668",2023,2,3,"AG, BL, BS, SO",35176.1396785798,29,16,202302,5,5,2,0,1,1,3,0.2,5.8,0.4,11.6,0,0,0.2,29,"2022/23"
"669",2023,2,4,"LU, OW, NW, UR, SZ, ZG",28716.669746058,16,12,202302,5,5,0,0,0,0,4,0,0,0,0,0,0,0,0,"2022/23"
"670",2023,2,5,"AI, AR, GL, SG, SH, TG, ZH",46526.3986491452,59,47,202302,5,5,2,0,0,1,5,0.2,11.8,0.4,23.6,0,0,0,0,"2022/23"
"671",2023,2,6,"GR, TI",13545.8321267454,13,8,202302,7,7,1,0,0,1,6,0.142857142857143,1.85714285714286,0.142857142857143,1.85714285714286,0,0,0,0,"2022/23"
"672",2023,3,1,"GE, NE, VD, VS",27534.577327399,28,24,202303,12,12,5,0,0,2,1,0.166666666666667,4.66666666666667,0.416666666666667,11.6666666666667,0,0,0,0,"2022/23"
"673",2023,3,2,"BE, FR, JU",40508.0677164273,38,34,202303,13,13,4,0,0,1,2,0.0769230769230769,2.92307692307692,0.307692307692308,11.6923076923077,0,0,0,0,"2022/23"
"674",2023,3,3,"AG, BL, BS, SO",33300.878233144,18,13,202303,6,6,2,0,1,1,3,0.166666666666667,3,0.333333333333333,6,0,0,0.166666666666667,18,"2022/23"
"675",2023,3,4,"LU, OW, NW, UR, SZ, ZG",30037.7574256806,11,8,202303,1,1,1,0,0,0,4,0,0,1,11,0,0,0,0,"2022/23"
"676",2023,3,5,"AI, AR, GL, SG, SH, TG, ZH",42816.5175784719,45,37,202303,8,8,5,0,1,2,5,0.25,11.25,0.625,28.125,0,0,0.125,45,"2022/23"
"677",2023,3,6,"GR, TI",12829.7206310567,7,4,202303,4,4,2,0,2,1,6,0.25,1.75,0.5,3.5,0,0,0.5,14,"2022/23"
"678",2023,4,1,"GE, NE, VD, VS",25786.6870349009,13,11,202304,9,8,2,0,0,0,1,0,0,0.25,3.25,0,0,0,0,"2022/23"
"679",2023,4,2,"BE, FR, JU",42036.5020895268,32,32,202304,7,7,2,2,0,0,2,0,0,0.285714285714286,9.14285714285714,0.285714285714286,9.14285714285714,0,0,"2022/23"
"680",2023,4,3,"AG, BL, BS, SO",29964.5616123596,11,7,202304,8,8,3,1,2,0,3,0,0,0.375,4.125,0.125,1.375,0.25,22,"2022/23"
"681",2023,4,4,"LU, OW, NW, UR, SZ, ZG",26839.0372192818,16,15,202304,2,2,0,1,1,0,4,0,0,0,0,0.5,8,0.5,16,"2022/23"
"682",2023,4,5,"AI, AR, GL, SG, SH, TG, ZH",44199.8643915761,43,40,202304,12,10,3,3,2,1,5,0.1,4.3,0.3,12.9,0.3,12.9,0.2,86,"2022/23"
"683",2023,4,6,"GR, TI",12948.0846469049,6,6,202304,1,1,0,0,0,0,6,0,0,0,0,0,0,0,0,"2022/23"
"684",2023,5,1,"GE, NE, VD, VS",31706.9391355922,23,16,202305,10,10,0,1,0,0,1,0,0,0,0,0.1,2.3,0,0,"2022/23"
"685",2023,5,2,"BE, FR, JU",42776.2180288282,52,49,202305,13,13,3,1,2,0,2,0,0,0.230769230769231,12,0.0769230769230769,4,0.153846153846154,104,"2022/23"
"686",2023,5,3,"AG, BL, BS, SO",29969.4244220531,15,7,202305,6,6,1,1,1,0,3,0,0,0.166666666666667,2.5,0.166666666666667,2.5,0.166666666666667,15,"2022/23"
"687",2023,5,4,"LU, OW, NW, UR, SZ, ZG",29290.0572655257,22,21,202305,9,9,1,0,3,0,4,0,0,0.111111111111111,2.44444444444444,0,0,0.333333333333333,66,"2022/23"
"688",2023,5,5,"AI, AR, GL, SG, SH, TG, ZH",44699.9829720208,48,40,202305,11,11,1,2,2,0,5,0,0,0.0909090909090909,4.36363636363636,0.181818181818182,8.72727272727273,0.181818181818182,96,"2022/23"
"689",2023,5,6,"GR, TI",13026.0140172401,8,7,202305,3,3,1,0,0,0,6,0,0,0.333333333333333,2.66666666666667,0,0,0,0,"2022/23"
"690",2023,6,1,"GE, NE, VD, VS",33052.2711598867,45,26,202306,21,21,8,9,0,0,1,0,0,0.380952380952381,17.1428571428571,0.428571428571429,19.2857142857143,0,0,"2022/23"
"691",2023,6,2,"BE, FR, JU",41467.0375157188,46,41,202306,25,25,7,3,0,1,2,0.04,1.84,0.28,12.88,0.12,5.52,0,0,"2022/23"
"692",2023,6,3,"AG, BL, BS, SO",32192.1355782794,22,16,202306,4,4,0,0,1,0,3,0,0,0,0,0,0,0.25,22,"2022/23"
"693",2023,6,4,"LU, OW, NW, UR, SZ, ZG",24512.4023978296,15,10,202306,5,5,0,1,0,1,4,0.2,3,0,0,0.2,3,0,0,"2022/23"
"694",2023,6,5,"AI, AR, GL, SG, SH, TG, ZH",42305.6089816724,40,37,202306,13,13,0,4,2,0,5,0,0,0,0,0.307692307692308,12.3076923076923,0.153846153846154,80,"2022/23"
"695",2023,6,6,"GR, TI",12835.1647349144,18,13,202306,14,14,1,2,2,0,6,0,0,0.0714285714285714,1.28571428571429,0.142857142857143,2.57142857142857,0.142857142857143,36,"2022/23"
"696",2023,7,1,"GE, NE, VD, VS",27920.8881811861,21,14,202307,11,11,0,1,1,0,1,0,0,0,0,0.0909090909090909,1.90909090909091,0.0909090909090909,21,"2022/23"
"697",2023,7,2,"BE, FR, JU",44350.49807271,45,44,202307,23,23,6,3,2,0,2,0,0,0.260869565217391,11.7391304347826,0.130434782608696,5.8695652173913,0.0869565217391304,90,"2022/23"
"698",2023,7,3,"AG, BL, BS, SO",40225.095667439,27,19,202307,9,9,0,3,3,0,3,0,0,0,0,0.333333333333333,9,0.333333333333333,81,"2022/23"
"699",2023,7,4,"LU, OW, NW, UR, SZ, ZG",24549.6226859079,18,15,202307,7,7,1,0,1,0,4,0,0,0.142857142857143,2.57142857142857,0,0,0.142857142857143,18,"2022/23"
"700",2023,7,5,"AI, AR, GL, SG, SH, TG, ZH",42900.8922183945,50,46,202307,13,13,0,4,0,0,5,0,0,0,0,0.307692307692308,15.3846153846154,0,0,"2022/23"
"701",2023,7,6,"GR, TI",13784.5778925819,17,15,202307,7,7,1,1,0,0,6,0,0,0.142857142857143,2.42857142857143,0.142857142857143,2.42857142857143,0,0,"2022/23"
"702",2023,8,1,"GE, NE, VD, VS",30282.5010150493,47,30,202308,14,14,7,1,1,1,1,0.0714285714285714,3.35714285714286,0.5,23.5,0.0714285714285714,3.35714285714286,0.0714285714285714,47,"2022/23"
"703",2023,8,2,"BE, FR, JU",41350.9655028483,49,48,202308,11,11,3,2,1,0,2,0,0,0.272727272727273,13.3636363636364,0.181818181818182,8.90909090909091,0.0909090909090909,49,"2022/23"
"704",2023,8,3,"AG, BL, BS, SO",35781.6897864244,37,25,202308,8,8,1,3,0,0,3,0,0,0.125,4.625,0.375,13.875,0,0,"2022/23"
"705",2023,8,4,"LU, OW, NW, UR, SZ, ZG",21686.4948659661,4,4,202308,1,1,0,1,1,0,4,0,0,0,0,1,4,1,4,"2022/23"
"706",2023,8,5,"AI, AR, GL, SG, SH, TG, ZH",44190.9161529739,55,52,202308,19,19,0,5,4,0,5,0,0,0,0,0.263157894736842,14.4736842105263,0.210526315789474,220,"2022/23"
"707",2023,8,6,"GR, TI",9521.83564712908,16,13,202308,6,6,1,1,0,0,6,0,0,0.166666666666667,2.66666666666667,0.166666666666667,2.66666666666667,0,0,"2022/23"
"708",2023,9,1,"GE, NE, VD, VS",26757.6442633111,31,25,202309,20,20,2,9,1,0,1,0,0,0.1,3.1,0.45,13.95,0.05,31,"2022/23"
"709",2023,9,2,"BE, FR, JU",44366.4518959226,36,35,202309,16,16,0,3,1,0,2,0,0,0,0,0.1875,6.75,0.0625,36,"2022/23"
"710",2023,9,3,"AG, BL, BS, SO",25313.8059041763,20,10,202309,8,8,0,1,0,0,3,0,0,0,0,0.125,2.5,0,0,"2022/23"
"711",2023,9,4,"LU, OW, NW, UR, SZ, ZG",30707.922473464,15,15,202309,13,13,2,4,0,1,4,0.0769230769230769,1.15384615384615,0.153846153846154,2.30769230769231,0.307692307692308,4.61538461538462,0,0,"2022/23"
"712",2023,9,5,"AI, AR, GL, SG, SH, TG, ZH",41349.933307742,46,38,202309,16,16,1,4,2,2,5,0.125,5.75,0.0625,2.875,0.25,11.5,0.125,92,"2022/23"
"713",2023,9,6,"GR, TI",14370.9312080351,20,14,202309,11,11,2,3,1,0,6,0,0,0.181818181818182,3.63636363636364,0.272727272727273,5.45454545454545,0.0909090909090909,20,"2022/23"
"714",2023,10,1,"GE, NE, VD, VS",34471.3403309824,26,24,202310,17,17,4,0,2,1,1,0.0588235294117647,1.52941176470588,0.235294117647059,6.11764705882353,0,0,0.117647058823529,52,"2022/23"
"715",2023,10,2,"BE, FR, JU",42788.2014279847,45,44,202310,25,25,4,3,4,0,2,0,0,0.16,7.2,0.12,5.4,0.16,180,"2022/23"
"716",2023,10,3,"AG, BL, BS, SO",35585.4994062706,29,23,202310,8,8,0,2,2,0,3,0,0,0,0,0.25,7.25,0.25,58,"2022/23"
"717",2023,10,4,"LU, OW, NW, UR, SZ, ZG",31015.0148830464,15,15,202310,10,10,0,3,1,0,4,0,0,0,0,0.3,4.5,0.1,15,"2022/23"
"718",2023,10,5,"AI, AR, GL, SG, SH, TG, ZH",47630.0351509363,70,63,202310,26,26,4,5,2,1,5,0.0384615384615385,2.69230769230769,0.153846153846154,10.7692307692308,0.192307692307692,13.4615384615385,0.0769230769230769,140,"2022/23"
"719",2023,10,6,"GR, TI",15022.9803386159,13,9,202310,5,5,0,1,1,0,6,0,0,0,0,0.2,2.6,0.2,13,"2022/23"
"720",2023,11,1,"GE, NE, VD, VS",29524.984022572,18,14,202311,17,17,0,2,5,0,1,0,0,0,0,0.117647058823529,2.11764705882353,0.294117647058824,90,"2022/23"
"721",2023,11,2,"BE, FR, JU",43158.4954492045,38,36,202311,21,21,5,4,2,0,2,0,0,0.238095238095238,9.04761904761905,0.19047619047619,7.23809523809524,0.0952380952380952,76,"2022/23"
"722",2023,11,3,"AG, BL, BS, SO",33533.5511352312,18,12,202311,9,9,0,3,2,0,3,0,0,0,0,0.333333333333333,6,0.222222222222222,36,"2022/23"
"723",2023,11,4,"LU, OW, NW, UR, SZ, ZG",22174.1834263768,6,6,202311,6,6,0,2,0,0,4,0,0,0,0,0.333333333333333,2,0,0,"2022/23"
"724",2023,11,5,"AI, AR, GL, SG, SH, TG, ZH",46022.0409823524,43,33,202311,19,19,1,5,2,3,5,0.157894736842105,6.78947368421053,0.0526315789473684,2.26315789473684,0.263157894736842,11.3157894736842,0.105263157894737,86,"2022/23"
"725",2023,11,6,"GR, TI",13369.3600278555,20,19,202311,11,11,0,3,2,0,6,0,0,0,0,0.272727272727273,5.45454545454545,0.181818181818182,40,"2022/23"
"726",2023,12,1,"GE, NE, VD, VS",28617.7500914571,24,19,202312,13,10,0,3,1,0,1,0,0,0,0,0.3,7.2,0.1,24,"2022/23"
"727",2023,12,2,"BE, FR, JU",39052.1945524925,29,29,202312,17,16,1,7,4,0,2,0,0,0.0625,1.8125,0.4375,12.6875,0.25,116,"2022/23"
"728",2023,12,3,"AG, BL, BS, SO",25915.8193456402,19,13,202312,7,6,0,0,2,0,3,0,0,0,0,0,0,0.333333333333333,38,"2022/23"
"729",2023,12,4,"LU, OW, NW, UR, SZ, ZG",26544.5698249111,3,3,202312,4,3,0,0,1,0,4,0,0,0,0,0,0,0.333333333333333,3,"2022/23"
"730",2023,12,5,"AI, AR, GL, SG, SH, TG, ZH",33256.8938897381,41,35,202312,16,12,1,4,6,0,5,0,0,0.0833333333333333,3.41666666666667,0.333333333333333,13.6666666666667,0.5,246,"2022/23"
"731",2023,12,6,"GR, TI",11233.3719472355,13,12,202312,6,3,0,1,1,0,6,0,0,0,0,0.333333333333333,4.33333333333333,0.333333333333333,13,"2022/23"
